0 2004-09-28T171524 6.0 35.815 -120.37 7.9 10 POMM 35.9199 -120.4784 1096391724 26300.0 -3100.0 -10500.0 large
0 2004-09-28T171524 6.0 35.815 -120.37 7.9 10 POMM 35.9199 -120.4784 1096391725 27300.0 -1800.0 -9800.0 large
0 2004-09-28T171524 6.0 35.815 -120.37 7.9 10 POMM 35.9199 -120.4784 1096391726 24200.0 2500.0 -4600.0 large
0 2004-09-28T171524 6.0 35.815 -120.37 7.9 10 POMM 35.9199 -120.4784 1096391727 24900.0 21000.0 -8500.0 large
0 2004-09-28T171524 6.0 35.815 -120.37 7.9 10 POMM 35.9199 -120.4784 1096391728 80600.0 16899.0 -31600.0 large
0 2004-09-28T171524 6.0 35.815 -120.37 7.9 10 POMM 35.9199 -120.4784 1096391729 -40900.0 13500.0 12600.0 large
0 2004-09-28T171524 6.0 35.815 -120.37 7.9 10 POMM 35.9199 -120.4784 1096391730 -48800.0 -4700.0 14600.0 large
0 2004-09-28T171524 6.0 35.815 -120.37 7.9 10 POMM 35.9199 -120.4784 1096391731 29300.0 25000.0 -16400.0 large
0 2004-09-28T171524 6.0 35.815 -120.37 7.9 10 POMM 35.9199 -120.4784 1096391732 -16600.0 -31100.0 -26800.0 large
0 2004-09-28T171524 6.0 35.815 -120.37 7.9 10 POMM 35.9199 -120.4784 1096391733 6200.0 -2799.0 -26900.0 large
0 2004-09-28T171524 6.0 35.815 -120.37 7.9 10 POMM 35.9199 -120.4784 1096391734 -8700.0 -37400.0 -16400.0 large
0 2004-09-28T171524 6.0 35.815 -120.37 7.9 10 POMM 35.9199 -120.4784 1096391735 14300.0 4800.0 -21100.0 large
0 2004-09-28T171524 6.0 35.815 -120.37 7.9 10 POMM 35.9199 -120.4784 1096391736 -900.0 -13200.0 -18800.0 large
0 2004-09-28T171524 6.0 35.815 -120.37 7.9 10 POMM 35.9199 -120.4784 1096391737 -7000.0 1900.0 -9300.0 large
0 2004-09-28T171524 6.0 35.815 -120.37 7.9 10 POMM 35.9199 -120.4784 1096391738 10000.0 6900.0 -19900.0 large
0 2004-09-28T171524 6.0 35.815 -120.37 7.9 10 POMM 35.9199 -120.4784 1096391739 -1300.0 -13000.0 -11800.0 large
0 2004-09-28T171524 6.0 35.815 -120.37 7.9 10 POMM 35.9199 -120.4784 1096391740 2799.0 -9400.0 -9300.0 large
0 2004-09-28T171524 6.0 35.815 -120.37 7.9 10 POMM 35.9199 -120.4784 1096391741 17600.0 -3900.0 -10300.0 large
0 2004-09-28T171524 6.0 35.815 -120.37 7.9 10 POMM 35.9199 -120.4784 1096391742 -600.0 -7000.0 -1900.0 large
0 2004-09-28T171524 6.0 35.815 -120.37 7.9 10 POMM 35.9199 -120.4784 1096391743 8700.0 -2799.0 -20700.0 large
0 2004-09-28T171524 6.0 35.815 -120.37 7.9 10 POMM 35.9199 -120.4784 1096391744 -200.0 -5200.0 -10600.0 large
0 2004-09-28T171524 6.0 35.815 -120.37 7.9 10 POMM 35.9199 -120.4784 1096391745 -8700.0 -11199.0 -6800.0 large
0 2004-09-28T171524 6.0 35.815 -120.37 7.9 10 POMM 35.9199 -120.4784 1096391746 2000.0 -3300.0 -10000.0 large
0 2004-09-28T171524 6.0 35.815 -120.37 7.9 10 POMM 35.9199 -120.4784 1096391747 8600.0 -7700.0 -11199.0 large
0 2004-09-28T171524 6.0 35.815 -120.37 7.9 10 POMM 35.9199 -120.4784 1096391748 -1800.0 -3400.0 -8100.0 large
0 2004-09-28T171524 6.0 35.815 -120.37 7.9 10 POMM 35.9199 -120.4784 1096391749 6500.0 -1700.0 -5800.0 large
0 2004-09-28T171524 6.0 35.815 -120.37 7.9 10 POMM 35.9199 -120.4784 1096391750 400.0 -11300.0 -1900.0 large
0 2004-09-28T171524 6.0 35.815 -120.37 7.9 10 POMM 35.9199 -120.4784 1096391751 10000.0 1200.0 -400.0 large
0 2004-09-28T171524 6.0 35.815 -120.37 7.9 10 POMM 35.9199 -120.4784 1096391752 -4700.0 -4100.0 4900.0 large
0 2004-09-28T171524 6.0 35.815 -120.37 7.9 10 POMM 35.9199 -120.4784 1096391753 7700.0 -8400.0 -15700.0 large
0 2004-09-28T171524 6.0 35.815 -120.37 7.9 10 POMM 35.9199 -120.4784 1096391754 -6200.0 -2600.0 -2400.0 large
0 2004-09-28T171524 6.0 35.815 -120.37 7.9 10 POMM 35.9199 -120.4784 1096391755 10800.0 -3200.0 -10099.0 large
0 2004-09-28T171524 6.0 35.815 -120.37 7.9 10 POMM 35.9199 -120.4784 1096391756 -7000.0 -6300.0 -12400.0 large
0 2004-09-28T171524 6.0 35.815 -120.37 7.9 10 POMM 35.9199 -120.4784 1096391757 1000.0 -8700.0 -14200.0 large
0 2004-09-28T171524 6.0 35.815 -120.37 7.9 10 POMM 35.9199 -120.4784 1096391758 9900.0 -10500.0 -24700.0 large
0 2004-09-28T171524 6.0 35.815 -120.37 7.9 10 POMM 35.9199 -120.4784 1096391759 3000.0 -14700.0 -22100.0 large
0 2004-09-28T171524 6.0 35.815 -120.37 7.9 10 POMM 35.9199 -120.4784 1096391760 -1300.0 -12800.0 -29900.0 large
0 2004-09-28T171524 6.0 35.815 -120.37 7.9 10 POMM 35.9199 -120.4784 1096391761 2400.0 -6500.0 -32000.0 large
0 2004-09-28T171524 6.0 35.815 -120.37 7.9 10 POMM 35.9199 -120.4784 1096391762 -1900.0 -17700.0 -31200.0 large
0 2004-09-28T171524 6.0 35.815 -120.37 7.9 10 POMM 35.9199 -120.4784 1096391763 -1399.0 -12800.0 -34200.0 large
0 2004-09-28T171524 6.0 35.815 -120.37 7.9 10 POMM 35.9199 -120.4784 1096391764 1600.0 -15200.0 -33799.0 large
0 2004-09-28T171524 6.0 35.815 -120.37 7.9 10 POMM 35.9199 -120.4784 1096391765 -3500.0 -17300.0 -34700.0 large
0 2004-09-28T171524 6.0 35.815 -120.37 7.9 10 POMM 35.9199 -120.4784 1096391766 -4200.0 -18400.0 -36800.0 large
0 2004-09-28T171524 6.0 35.815 -120.37 7.9 10 POMM 35.9199 -120.4784 1096391767 -3200.0 -20000.0 -37300.0 large
0 2004-09-28T171524 6.0 35.815 -120.37 7.9 10 POMM 35.9199 -120.4784 1096391768 -2000.0 -25000.0 -39800.0 large
0 2004-09-28T171524 6.0 35.815 -120.37 7.9 10 POMM 35.9199 -120.4784 1096391769 -3300.0 -18700.0 -41400.0 large
0 2004-09-28T171524 6.0 35.815 -120.37 7.9 10 POMM 35.9199 -120.4784 1096391770 -100.0 -13300.0 -40700.0 large
0 2004-09-28T171524 6.0 35.815 -120.37 7.9 10 POMM 35.9199 -120.4784 1096391771 2100.0 -18900.0 -40000.0 large
0 2004-09-28T171524 6.0 35.815 -120.37 7.9 10 POMM 35.9199 -120.4784 1096391772 -5300.0 -14800.0 -34300.0 large
0 2004-09-28T171524 6.0 35.815 -120.37 7.9 10 POMM 35.9199 -120.4784 1096391773 -3800.0 -17000.0 -32600.0 large
0 2004-09-28T171524 6.0 35.815 -120.37 7.9 10 POMM 35.9199 -120.4784 1096391774 -1900.0 -15700.0 -32500.0 large
0 2004-09-28T171524 6.0 35.815 -120.37 7.9 10 POMM 35.9199 -120.4784 1096391775 -6200.0 -19600.0 -31600.0 large
0 2004-09-28T171524 6.0 35.815 -120.37 7.9 10 POMM 35.9199 -120.4784 1096391776 -10000.0 -18300.0 -32200.0 large
0 2004-09-28T171524 6.0 35.815 -120.37 7.9 10 POMM 35.9199 -120.4784 1096391777 -3500.0 -18500.0 -30700.0 large
0 2004-09-28T171524 6.0 35.815 -120.37 7.9 10 POMM 35.9199 -120.4784 1096391778 -8200.0 -18900.0 -29000.0 large
0 2004-09-28T171524 6.0 35.815 -120.37 7.9 10 POMM 35.9199 -120.4784 1096391779 -10300.0 -22600.0 -25500.0 large
0 2004-09-28T171524 6.0 35.815 -120.37 7.9 10 POMM 35.9199 -120.4784 1096391780 -6800.0 -21200.0 -24800.0 large
0 2004-09-28T171524 6.0 35.815 -120.37 7.9 10 POMM 35.9199 -120.4784 1096391781 -7700.0 -22500.0 -26100.0 large
0 2004-09-28T171524 6.0 35.815 -120.37 7.9 10 POMM 35.9199 -120.4784 1096391782 -4900.0 -16600.0 -26800.0 large
0 2004-09-28T171524 6.0 35.815 -120.37 7.9 10 POMM 35.9199 -120.4784 1096391783 -3900.0 -16000.0 -33799.0 large
26 2010-04-04T224042 7.2 32.259 -115.28 10.0 289 POMM 35.9199 -120.4784 1270420842 -1200.0 100.0 6700.0 large
26 2010-04-04T224042 7.2 32.259 -115.28 10.0 289 POMM 35.9199 -120.4784 1270420843 -3600.0 1100.0 6100.0 large
26 2010-04-04T224042 7.2 32.259 -115.28 10.0 289 POMM 35.9199 -120.4784 1270420844 -2400.0 1800.0 5900.0 large
26 2010-04-04T224042 7.2 32.259 -115.28 10.0 289 POMM 35.9199 -120.4784 1270420845 -7600.0 -5300.0 -7600.0 large
26 2010-04-04T224042 7.2 32.259 -115.28 10.0 289 POMM 35.9199 -120.4784 1270420846 -4900.0 2799.0 2799.0 large
26 2010-04-04T224042 7.2 32.259 -115.28 10.0 289 POMM 35.9199 -120.4784 1270420847 -5400.0 1399.0 4400.0 large
26 2010-04-04T224042 7.2 32.259 -115.28 10.0 289 POMM 35.9199 -120.4784 1270420848 -1800.0 -1300.0 1300.0 large
26 2010-04-04T224042 7.2 32.259 -115.28 10.0 289 POMM 35.9199 -120.4784 1270420849 -3800.0 400.0 7200.0 large
26 2010-04-04T224042 7.2 32.259 -115.28 10.0 289 POMM 35.9199 -120.4784 1270420850 -4200.0 6200.0 5800.0 large
26 2010-04-04T224042 7.2 32.259 -115.28 10.0 289 POMM 35.9199 -120.4784 1270420851 -2600.0 2100.0 9700.0 large
26 2010-04-04T224042 7.2 32.259 -115.28 10.0 289 POMM 35.9199 -120.4784 1270420852 -4200.0 5900.0 5900.0 large
26 2010-04-04T224042 7.2 32.259 -115.28 10.0 289 POMM 35.9199 -120.4784 1270420853 -1000.0 6100.0 5000.0 large
26 2010-04-04T224042 7.2 32.259 -115.28 10.0 289 POMM 35.9199 -120.4784 1270420854 -3100.0 2500.0 7300.0 large
26 2010-04-04T224042 7.2 32.259 -115.28 10.0 289 POMM 35.9199 -120.4784 1270420855 -3500.0 8500.0 3700.0 large
26 2010-04-04T224042 7.2 32.259 -115.28 10.0 289 POMM 35.9199 -120.4784 1270420856 -3900.0 3600.0 7000.0 large
26 2010-04-04T224042 7.2 32.259 -115.28 10.0 289 POMM 35.9199 -120.4784 1270420857 -1800.0 -1600.0 0.0 large
26 2010-04-04T224042 7.2 32.259 -115.28 10.0 289 POMM 35.9199 -120.4784 1270420858 -2799.0 2100.0 13700.0 large
26 2010-04-04T224042 7.2 32.259 -115.28 10.0 289 POMM 35.9199 -120.4784 1270420859 -4200.0 0.0 14700.0 large
26 2010-04-04T224042 7.2 32.259 -115.28 10.0 289 POMM 35.9199 -120.4784 1270420860 -3900.0 -2600.0 13800.0 large
26 2010-04-04T224042 7.2 32.259 -115.28 10.0 289 POMM 35.9199 -120.4784 1270420861 -6200.0 1000.0 17800.0 large
26 2010-04-04T224042 7.2 32.259 -115.28 10.0 289 POMM 35.9199 -120.4784 1270420862 -5100.0 -1200.0 9800.0 large
26 2010-04-04T224042 7.2 32.259 -115.28 10.0 289 POMM 35.9199 -120.4784 1270420863 -4499.0 -1800.0 15400.0 large
26 2010-04-04T224042 7.2 32.259 -115.28 10.0 289 POMM 35.9199 -120.4784 1270420864 -3800.0 -300.0 17800.0 large
26 2010-04-04T224042 7.2 32.259 -115.28 10.0 289 POMM 35.9199 -120.4784 1270420865 -2500.0 -200.0 12500.0 large
26 2010-04-04T224042 7.2 32.259 -115.28 10.0 289 POMM 35.9199 -120.4784 1270420866 -3700.0 4200.0 5100.0 large
26 2010-04-04T224042 7.2 32.259 -115.28 10.0 289 POMM 35.9199 -120.4784 1270420867 -4800.0 2600.0 10900.0 large
26 2010-04-04T224042 7.2 32.259 -115.28 10.0 289 POMM 35.9199 -120.4784 1270420868 -3100.0 4499.0 2300.0 large
26 2010-04-04T224042 7.2 32.259 -115.28 10.0 289 POMM 35.9199 -120.4784 1270420869 -2100.0 2900.0 9800.0 large
26 2010-04-04T224042 7.2 32.259 -115.28 10.0 289 POMM 35.9199 -120.4784 1270420870 -4800.0 3800.0 12299.0 large
26 2010-04-04T224042 7.2 32.259 -115.28 10.0 289 POMM 35.9199 -120.4784 1270420871 -6600.0 1100.0 16700.0 large
26 2010-04-04T224042 7.2 32.259 -115.28 10.0 289 POMM 35.9199 -120.4784 1270420872 -5800.0 800.0 17400.0 large
26 2010-04-04T224042 7.2 32.259 -115.28 10.0 289 POMM 35.9199 -120.4784 1270420873 -5500.0 1700.0 14300.0 large
26 2010-04-04T224042 7.2 32.259 -115.28 10.0 289 POMM 35.9199 -120.4784 1270420874 -5300.0 4800.0 10300.0 large
26 2010-04-04T224042 7.2 32.259 -115.28 10.0 289 POMM 35.9199 -120.4784 1270420875 -3600.0 -100.0 12299.0 large
26 2010-04-04T224042 7.2 32.259 -115.28 10.0 289 POMM 35.9199 -120.4784 1270420876 -2100.0 7300.0 4900.0 large
26 2010-04-04T224042 7.2 32.259 -115.28 10.0 289 POMM 35.9199 -120.4784 1270420877 -4300.0 2000.0 5300.0 large
26 2010-04-04T224042 7.2 32.259 -115.28 10.0 289 POMM 35.9199 -120.4784 1270420878 -3500.0 2799.0 14200.0 large
26 2010-04-04T224042 7.2 32.259 -115.28 10.0 289 POMM 35.9199 -120.4784 1270420879 -2100.0 4000.0 13200.0 large
26 2010-04-04T224042 7.2 32.259 -115.28 10.0 289 POMM 35.9199 -120.4784 1270420880 -5500.0 5800.0 13700.0 large
26 2010-04-04T224042 7.2 32.259 -115.28 10.0 289 POMM 35.9199 -120.4784 1270420881 -3700.0 2100.0 16400.0 large
26 2010-04-04T224042 7.2 32.259 -115.28 10.0 289 POMM 35.9199 -120.4784 1270420882 -1700.0 4900.0 2700.0 large
26 2010-04-04T224042 7.2 32.259 -115.28 10.0 289 POMM 35.9199 -120.4784 1270420883 -2400.0 1900.0 7400.0 large
26 2010-04-04T224042 7.2 32.259 -115.28 10.0 289 POMM 35.9199 -120.4784 1270420884 -3500.0 0.0 10400.0 large
26 2010-04-04T224042 7.2 32.259 -115.28 10.0 289 POMM 35.9199 -120.4784 1270420885 -4100.0 -3000.0 15300.0 large
26 2010-04-04T224042 7.2 32.259 -115.28 10.0 289 POMM 35.9199 -120.4784 1270420886 -5100.0 0.0 11500.0 large
26 2010-04-04T224042 7.2 32.259 -115.28 10.0 289 POMM 35.9199 -120.4784 1270420887 -3000.0 -800.0 8100.0 large
26 2010-04-04T224042 7.2 32.259 -115.28 10.0 289 POMM 35.9199 -120.4784 1270420888 -2500.0 3300.0 12200.0 large
26 2010-04-04T224042 7.2 32.259 -115.28 10.0 289 POMM 35.9199 -120.4784 1270420889 1200.0 2400.0 10300.0 large
26 2010-04-04T224042 7.2 32.259 -115.28 10.0 289 POMM 35.9199 -120.4784 1270420890 -1600.0 300.0 13900.0 large
26 2010-04-04T224042 7.2 32.259 -115.28 10.0 289 POMM 35.9199 -120.4784 1270420891 -3400.0 -1399.0 20700.0 large
26 2010-04-04T224042 7.2 32.259 -115.28 10.0 289 POMM 35.9199 -120.4784 1270420892 -3300.0 2100.0 18800.0 large
26 2010-04-04T224042 7.2 32.259 -115.28 10.0 289 POMM 35.9199 -120.4784 1270420893 -5200.0 2200.0 13000.0 large
26 2010-04-04T224042 7.2 32.259 -115.28 10.0 289 POMM 35.9199 -120.4784 1270420894 -2400.0 1500.0 16400.0 large
26 2010-04-04T224042 7.2 32.259 -115.28 10.0 289 POMM 35.9199 -120.4784 1270420895 -2700.0 -800.0 18300.0 large
26 2010-04-04T224042 7.2 32.259 -115.28 10.0 289 POMM 35.9199 -120.4784 1270420896 -6100.0 -2200.0 11199.0 large
26 2010-04-04T224042 7.2 32.259 -115.28 10.0 289 POMM 35.9199 -120.4784 1270420897 -3800.0 4900.0 13000.0 large
26 2010-04-04T224042 7.2 32.259 -115.28 10.0 289 POMM 35.9199 -120.4784 1270420898 -3600.0 1800.0 11900.0 large
26 2010-04-04T224042 7.2 32.259 -115.28 10.0 289 POMM 35.9199 -120.4784 1270420899 -3000.0 900.0 8700.0 large
26 2010-04-04T224042 7.2 32.259 -115.28 10.0 289 POMM 35.9199 -120.4784 1270420900 -1700.0 3200.0 11199.0 large
26 2010-04-04T224042 7.2 32.259 -115.28 10.0 289 POMM 35.9199 -120.4784 1270420901 -2500.0 4600.0 6400.0 large
