0 2004-09-28T171524 6.0 35.815 -120.37 7.9 2 BK.BRIB 37.91886 -122.15179 1096391724 -0.0811528622975 0.0350192495731 -0.0108337505265 large
0 2004-09-28T171524 6.0 35.815 -120.37 7.9 2 BK.BRIB 37.91886 -122.15179 1096391725 -0.0811552801163 0.0350128991576 -0.0108457522292 large
0 2004-09-28T171524 6.0 35.815 -120.37 7.9 2 BK.BRIB 37.91886 -122.15179 1096391726 -0.0811539401203 0.0350255708582 -0.0108143205856 large
0 2004-09-28T171524 6.0 35.815 -120.37 7.9 2 BK.BRIB 37.91886 -122.15179 1096391727 -0.0811647183484 0.0350158121923 -0.0108668134695 large
0 2004-09-28T171524 6.0 35.815 -120.37 7.9 2 BK.BRIB 37.91886 -122.15179 1096391728 -0.0811396662507 0.0349981300721 -0.0108508791701 large
0 2004-09-28T171524 6.0 35.815 -120.37 7.9 2 BK.BRIB 37.91886 -122.15179 1096391729 -0.0811644561753 0.0350634403083 -0.010791628046 large
0 2004-09-28T171524 6.0 35.815 -120.37 7.9 2 BK.BRIB 37.91886 -122.15179 1096391730 -0.0811562414177 0.0349761949215 -0.0108666969481 large
0 2004-09-28T171524 6.0 35.815 -120.37 7.9 2 BK.BRIB 37.91886 -122.15179 1096391731 -0.0811353840898 0.0349662323431 -0.0109216659113 large
0 2004-09-28T171524 6.0 35.815 -120.37 7.9 2 BK.BRIB 37.91886 -122.15179 1096391732 -0.0811510270857 0.0350285421535 -0.0107306582314 large
0 2004-09-28T171524 6.0 35.815 -120.37 7.9 2 BK.BRIB 37.91886 -122.15179 1096391733 -0.0811569114157 0.0350313095364 -0.0108503256935 large
0 2004-09-28T171524 6.0 35.815 -120.37 7.9 2 BK.BRIB 37.91886 -122.15179 1096391734 -0.0811768948331 0.0350289499784 -0.0108766012658 large
0 2004-09-28T171524 6.0 35.815 -120.37 7.9 2 BK.BRIB 37.91886 -122.15179 1096391735 -0.0811241397762 0.0350403982044 -0.0107684694208 large
0 2004-09-28T171524 6.0 35.815 -120.37 7.9 2 BK.BRIB 37.91886 -122.15179 1096391736 -0.0811878769736 0.0350298821495 -0.0108095140785 large
0 2004-09-28T171524 6.0 35.815 -120.37 7.9 2 BK.BRIB 37.91886 -122.15179 1096391737 -0.0811819926437 0.0349737771027 -0.0109755570518 large
0 2004-09-28T171524 6.0 35.815 -120.37 7.9 2 BK.BRIB 37.91886 -122.15179 1096391738 -0.0810802403445 0.0348283292843 -0.0109123442005 large
0 2004-09-28T171524 6.0 35.815 -120.37 7.9 2 BK.BRIB 37.91886 -122.15179 1096391739 -0.0811576396743 0.0353159130186 -0.0104107196393 large
0 2004-09-28T171524 6.0 35.815 -120.37 7.9 2 BK.BRIB 37.91886 -122.15179 1096391740 -0.0813334995742 0.0347373552131 -0.0111824407703 large
0 2004-09-28T171524 6.0 35.815 -120.37 7.9 2 BK.BRIB 37.91886 -122.15179 1096391741 -0.0811075937396 0.035154967856 -0.0107359599544 large
0 2004-09-28T171524 6.0 35.815 -120.37 7.9 2 BK.BRIB 37.91886 -122.15179 1096391742 -0.0810260287703 0.0352461749699 -0.0107579533658 large
0 2004-09-28T171524 6.0 35.815 -120.37 7.9 2 BK.BRIB 37.91886 -122.15179 1096391743 -0.0813191091832 0.034693251869 -0.0109937052574 large
0 2004-09-28T171524 6.0 35.815 -120.37 7.9 2 BK.BRIB 37.91886 -122.15179 1096391744 -0.0811448514523 0.0351906233997 -0.0109343958726 large
0 2004-09-28T171524 6.0 35.815 -120.37 7.9 2 BK.BRIB 37.91886 -122.15179 1096391745 -0.0808952626463 0.0349419376344 -0.0106806996877 large
0 2004-09-28T171524 6.0 35.815 -120.37 7.9 2 BK.BRIB 37.91886 -122.15179 1096391746 -0.081554540641 0.0351388879049 -0.0108808542963 large
0 2004-09-28T171524 6.0 35.815 -120.37 7.9 2 BK.BRIB 37.91886 -122.15179 1096391747 -0.0810095701247 0.034940306335 -0.0109316576201 large
0 2004-09-28T171524 6.0 35.815 -120.37 7.9 2 BK.BRIB 37.91886 -122.15179 1096391748 -0.0808233689519 0.0348571974573 -0.011132686139 large
0 2004-09-28T171524 6.0 35.815 -120.37 7.9 2 BK.BRIB 37.91886 -122.15179 1096391749 -0.0814182106209 0.0350579055425 -0.0106071164333 large
0 2004-09-28T171524 6.0 35.815 -120.37 7.9 2 BK.BRIB 37.91886 -122.15179 1096391750 -0.0810530326012 0.0351249927298 -0.0107249195532 large
0 2004-09-28T171524 6.0 35.815 -120.37 7.9 2 BK.BRIB 37.91886 -122.15179 1096391751 -0.0810151048904 0.0348967855978 -0.0105687517673 large
0 2004-09-28T171524 6.0 35.815 -120.37 7.9 2 BK.BRIB 37.91886 -122.15179 1096391752 -0.0813591925395 0.0350184047931 -0.0109698183736 large
0 2004-09-28T171524 6.0 35.815 -120.37 7.9 2 BK.BRIB 37.91886 -122.15179 1096391753 -0.0811643105236 0.0351376644303 -0.0108754651823 large
0 2004-09-28T171524 6.0 35.815 -120.37 7.9 2 BK.BRIB 37.91886 -122.15179 1096391754 -0.0812055882241 0.0351877686258 -0.0107329012681 large
0 2004-09-28T171524 6.0 35.815 -120.37 7.9 2 BK.BRIB 37.91886 -122.15179 1096391755 -0.0812926005682 0.0347257613354 -0.010957321455 large
0 2004-09-28T171524 6.0 35.815 -120.37 7.9 2 BK.BRIB 37.91886 -122.15179 1096391756 -0.0810574604138 0.0347717872823 -0.0110226025608 large
0 2004-09-28T171524 6.0 35.815 -120.37 7.9 2 BK.BRIB 37.91886 -122.15179 1096391757 -0.080904584357 0.0355702209408 -0.0107933758667 large
0 2004-09-28T171524 6.0 35.815 -120.37 7.9 2 BK.BRIB 37.91886 -122.15179 1096391758 -0.0817953903432 0.0347016414087 -0.0109560688502 large
0 2004-09-28T171524 6.0 35.815 -120.37 7.9 2 BK.BRIB 37.91886 -122.15179 1096391759 -0.0806877089297 0.0348757826182 -0.0108371879074 large
0 2004-09-28T171524 6.0 35.815 -120.37 7.9 2 BK.BRIB 37.91886 -122.15179 1096391760 -0.0811894500123 0.0350388834264 -0.0104241487289 large
0 2004-09-28T171524 6.0 35.815 -120.37 7.9 2 BK.BRIB 37.91886 -122.15179 1096391761 -0.0813984602462 0.0351885260148 -0.0106753979647 large
0 2004-09-28T171524 6.0 35.815 -120.37 7.9 2 BK.BRIB 37.91886 -122.15179 1096391762 -0.0806862524124 0.0351252257725 -0.011033555571 large
0 2004-09-28T171524 6.0 35.815 -120.37 7.9 2 BK.BRIB 37.91886 -122.15179 1096391763 -0.0812338155296 0.035006111787 -0.0110201847421 large
0 2004-09-28T171524 6.0 35.815 -120.37 7.9 2 BK.BRIB 37.91886 -122.15179 1096391764 -0.0811991504176 0.0353027169718 -0.0111400561166 large
0 2004-09-28T171524 6.0 35.815 -120.37 7.9 2 BK.BRIB 37.91886 -122.15179 1096391765 -0.0809945679964 0.0344760851382 -0.0108739212739 large
0 2004-09-28T171524 6.0 35.815 -120.37 7.9 2 BK.BRIB 37.91886 -122.15179 1096391766 -0.0821825035136 0.0351776312653 -0.010682826203 large
0 2004-09-28T171524 6.0 35.815 -120.37 7.9 2 BK.BRIB 37.91886 -122.15179 1096391767 -0.0796822750313 0.0351154671066 -0.0105677613356 large
0 2004-09-28T171524 6.0 35.815 -120.37 7.9 2 BK.BRIB 37.91886 -122.15179 1096391768 -0.0811863330653 0.0352032368396 -0.0103891631831 large
0 2004-09-28T171524 6.0 35.815 -120.37 7.9 2 BK.BRIB 37.91886 -122.15179 1096391769 -0.0818284532861 0.0345614953132 -0.0112465857926 large
0 2004-09-28T171524 6.0 35.815 -120.37 7.9 2 BK.BRIB 37.91886 -122.15179 1096391770 -0.080400367195 0.0351408105077 -0.0108465387485 large
0 2004-09-28T171524 6.0 35.815 -120.37 7.9 2 BK.BRIB 37.91886 -122.15179 1096391771 -0.0823433030245 0.0355566461995 -0.0113614176173 large
0 2004-09-28T171524 6.0 35.815 -120.37 7.9 2 BK.BRIB 37.91886 -122.15179 1096391772 -0.0802138747188 0.0353058921795 -0.010353303727 large
0 2004-09-28T171524 6.0 35.815 -120.37 7.9 2 BK.BRIB 37.91886 -122.15179 1096391773 -0.0815331007062 0.0339951431228 -0.0106031255758 large
0 2004-09-28T171524 6.0 35.815 -120.37 7.9 2 BK.BRIB 37.91886 -122.15179 1096391774 -0.0805002260217 0.0352660127356 -0.0108327309644 large
0 2004-09-28T171524 6.0 35.815 -120.37 7.9 2 BK.BRIB 37.91886 -122.15179 1096391775 -0.0819120282493 0.0343736919714 -0.0117978484637 large
0 2004-09-28T171524 6.0 35.815 -120.37 7.9 2 BK.BRIB 37.91886 -122.15179 1096391776 -0.0816883071907 0.0362542888601 -0.0102018550572 large
0 2004-09-28T171524 6.0 35.815 -120.37 7.9 2 BK.BRIB 37.91886 -122.15179 1096391777 -0.0798129828946 0.0334584456248 -0.0110613750516 large
0 2004-09-28T171524 6.0 35.815 -120.37 7.9 2 BK.BRIB 37.91886 -122.15179 1096391778 -0.0833316082794 0.0354147522832 -0.00986676868509 large
0 2004-09-28T171524 6.0 35.815 -120.37 7.9 2 BK.BRIB 37.91886 -122.15179 1096391779 -0.0821356910473 0.034454441291 -0.0111450082755 large
0 2004-09-28T171524 6.0 35.815 -120.37 7.9 2 BK.BRIB 37.91886 -122.15179 1096391780 -0.0788940078637 0.03710585627 -0.011419124833 large
0 2004-09-28T171524 6.0 35.815 -120.37 7.9 2 BK.BRIB 37.91886 -122.15179 1096391781 -0.0802234294723 0.0341127423303 -0.0109002259765 large
0 2004-09-28T171524 6.0 35.815 -120.37 7.9 2 BK.BRIB 37.91886 -122.15179 1096391782 -0.0824768074011 0.0347846920257 -0.0106830592458 large
0 2004-09-28T171524 6.0 35.815 -120.37 7.9 2 BK.BRIB 37.91886 -122.15179 1096391783 -0.0813769620507 0.0340207486971 -0.0108692604185 large
26 2010-04-04T224042 7.2 32.259 -115.28 10.0 967 BK.BRIB 37.91886 -122.15179 1270420842 0.000973067996832 0.000235221305674 0.0118659451872 large
26 2010-04-04T224042 7.2 32.259 -115.28 10.0 967 BK.BRIB 37.91886 -122.15179 1270420843 0.000968633822006 0.000230227024553 0.0118615343502 large
26 2010-04-04T224042 7.2 32.259 -115.28 10.0 967 BK.BRIB 37.91886 -122.15179 1270420844 0.000964713077948 0.000236131478401 0.0118608108795 large
26 2010-04-04T224042 7.2 32.259 -115.28 10.0 967 BK.BRIB 37.91886 -122.15179 1270420845 0.000967700311516 0.000233074231547 0.0118624445229 large
26 2010-04-04T224042 7.2 32.259 -115.28 10.0 967 BK.BRIB 37.91886 -122.15179 1270420846 0.000970477505223 0.000230623766512 0.0118635880732 large
26 2010-04-04T224042 7.2 32.259 -115.28 10.0 967 BK.BRIB 37.91886 -122.15179 1270420847 0.000966766801026 0.000234614523856 0.0118643348816 large
26 2010-04-04T224042 7.2 32.259 -115.28 10.0 967 BK.BRIB 37.91886 -122.15179 1270420848 0.000967817000327 0.000237578419661 0.0118666919956 large
26 2010-04-04T224042 7.2 32.259 -115.28 10.0 967 BK.BRIB 37.91886 -122.15179 1270420849 0.000965506561865 0.000235244643436 0.0118649183257 large
26 2010-04-04T224042 7.2 32.259 -115.28 10.0 967 BK.BRIB 37.91886 -122.15179 1270420850 0.000967630298229 0.000233797702177 0.0118606941907 large
26 2010-04-04T224042 7.2 32.259 -115.28 10.0 967 BK.BRIB 37.91886 -122.15179 1270420851 0.000967373582844 0.000235571372108 0.0118629346159 large
26 2010-04-04T224042 7.2 32.259 -115.28 10.0 967 BK.BRIB 37.91886 -122.15179 1270420852 0.000964152971655 0.000236108140639 0.0118644282327 large
26 2010-04-04T224042 7.2 32.259 -115.28 10.0 967 BK.BRIB 37.91886 -122.15179 1270420853 0.000967583622705 0.000229736931546 0.0118613943236 large
26 2010-04-04T224042 7.2 32.259 -115.28 10.0 967 BK.BRIB 37.91886 -122.15179 1270420854 0.000972531228301 0.000236784935744 0.011858313739 large
26 2010-04-04T224042 7.2 32.259 -115.28 10.0 967 BK.BRIB 37.91886 -122.15179 1270420855 0.000968493795432 0.000235291318961 0.0118666219823 large
26 2010-04-04T224042 7.2 32.259 -115.28 10.0 967 BK.BRIB 37.91886 -122.15179 1270420856 0.000966463410117 0.000232934204974 0.0118701459844 large
26 2010-04-04T224042 7.2 32.259 -115.28 10.0 967 BK.BRIB 37.91886 -122.15179 1270420857 0.000962939408018 0.000237275028752 0.0118663419292 large
26 2010-04-04T224042 7.2 32.259 -115.28 10.0 967 BK.BRIB 37.91886 -122.15179 1270420858 0.000966276708019 0.000238675294486 0.0118608808928 large
26 2010-04-04T224042 7.2 32.259 -115.28 10.0 967 BK.BRIB 37.91886 -122.15179 1270420859 0.000967957026901 0.000227683208469 0.0118509390061 large
26 2010-04-04T224042 7.2 32.259 -115.28 10.0 967 BK.BRIB 37.91886 -122.15179 1270420860 0.00097033747865 0.000231300561617 0.0118608575551 large
26 2010-04-04T224042 7.2 32.259 -115.28 10.0 967 BK.BRIB 37.91886 -122.15179 1270420861 0.00097584519054 0.000228920109868 0.0118596439914 large
26 2010-04-04T224042 7.2 32.259 -115.28 10.0 967 BK.BRIB 37.91886 -122.15179 1270420862 0.00097554179963 0.000234007742037 0.0118689324208 large
26 2010-04-04T224042 7.2 32.259 -115.28 10.0 967 BK.BRIB 37.91886 -122.15179 1270420863 0.000964643064662 0.000236761597982 0.0118681622746 large
26 2010-04-04T224042 7.2 32.259 -115.28 10.0 967 BK.BRIB 37.91886 -122.15179 1270420864 0.00095838854438 0.000236901624556 0.011866458618 large
26 2010-04-04T224042 7.2 32.259 -115.28 10.0 967 BK.BRIB 37.91886 -122.15179 1270420865 0.000965063144382 0.00023601478959 0.01186174439 large
26 2010-04-04T224042 7.2 32.259 -115.28 10.0 967 BK.BRIB 37.91886 -122.15179 1270420866 0.000969520656971 0.000238768645535 0.0118665286313 large
26 2010-04-04T224042 7.2 32.259 -115.28 10.0 967 BK.BRIB 37.91886 -122.15179 1270420867 0.000966790138788 0.000230553753225 0.0118516858145 large
26 2010-04-04T224042 7.2 32.259 -115.28 10.0 967 BK.BRIB 37.91886 -122.15179 1270420868 0.000979649245786 0.00022614291616 0.0118640314907 large
26 2010-04-04T224042 7.2 32.259 -115.28 10.0 967 BK.BRIB 37.91886 -122.15179 1270420869 0.000972157824105 0.000237601757423 0.0118555832208 large
26 2010-04-04T224042 7.2 32.259 -115.28 10.0 967 BK.BRIB 37.91886 -122.15179 1270420870 0.00097355808984 0.00023923540078 0.0118675088173 large
26 2010-04-04T224042 7.2 32.259 -115.28 10.0 967 BK.BRIB 37.91886 -122.15179 1270420871 0.000968027040187 0.00023071711756 0.0118628646026 large
26 2010-04-04T224042 7.2 32.259 -115.28 10.0 967 BK.BRIB 37.91886 -122.15179 1270420872 0.000955051244379 0.000245583272111 0.011882164932 large
26 2010-04-04T224042 7.2 32.259 -115.28 10.0 967 BK.BRIB 37.91886 -122.15179 1270420873 0.00095817850452 0.000234917914765 0.0118518258411 large
26 2010-04-04T224042 7.2 32.259 -115.28 10.0 967 BK.BRIB 37.91886 -122.15179 1270420874 0.000975285084246 0.000227449830846 0.0118660852138 large
26 2010-04-04T224042 7.2 32.259 -115.28 10.0 967 BK.BRIB 37.91886 -122.15179 1270420875 0.000964549713613 0.000239888858123 0.0118689324208 large
26 2010-04-04T224042 7.2 32.259 -115.28 10.0 967 BK.BRIB 37.91886 -122.15179 1270420876 0.000973418063266 0.000223995842034 0.0118557465851 large
26 2010-04-04T224042 7.2 32.259 -115.28 10.0 967 BK.BRIB 37.91886 -122.15179 1270420877 0.000964409687039 0.000249340651833 0.0118696558914 large
26 2010-04-04T224042 7.2 32.259 -115.28 10.0 967 BK.BRIB 37.91886 -122.15179 1270420878 0.000964409687039 0.000250507539945 0.0118687690565 large
26 2010-04-04T224042 7.2 32.259 -115.28 10.0 967 BK.BRIB 37.91886 -122.15179 1270420879 0.000956124781442 0.00022644630707 0.011865968525 large
26 2010-04-04T224042 7.2 32.259 -115.28 10.0 967 BK.BRIB 37.91886 -122.15179 1270420880 0.000962099248577 0.000246073365118 0.0118647082858 large
26 2010-04-04T224042 7.2 32.259 -115.28 10.0 967 BK.BRIB 37.91886 -122.15179 1270420881 0.000961935884241 0.000220448502172 0.0118553265054 large
26 2010-04-04T224042 7.2 32.259 -115.28 10.0 967 BK.BRIB 37.91886 -122.15179 1270420882 0.000963336149976 0.000244649761621 0.0118720363432 large
26 2010-04-04T224042 7.2 32.259 -115.28 10.0 967 BK.BRIB 37.91886 -122.15179 1270420883 0.000972321188441 0.000230740455323 0.0118482084879 large
26 2010-04-04T224042 7.2 32.259 -115.28 10.0 967 BK.BRIB 37.91886 -122.15179 1270420884 0.00097096759823 0.000232654151827 0.0118767739089 large
26 2010-04-04T224042 7.2 32.259 -115.28 10.0 967 BK.BRIB 37.91886 -122.15179 1270420885 0.000943312349969 0.000242922767215 0.0118670187243 large
26 2010-04-04T224042 7.2 32.259 -115.28 10.0 967 BK.BRIB 37.91886 -122.15179 1270420886 0.000978085615715 0.000227729883993 0.0118613943236 large
26 2010-04-04T224042 7.2 32.259 -115.28 10.0 967 BK.BRIB 37.91886 -122.15179 1270420887 0.000951853970951 0.000251814454631 0.0118801812222 large
26 2010-04-04T224042 7.2 32.259 -115.28 10.0 967 BK.BRIB 37.91886 -122.15179 1270420888 0.00095589140382 0.000224112530845 0.0118367263089 large
26 2010-04-04T224042 7.2 32.259 -115.28 10.0 967 BK.BRIB 37.91886 -122.15179 1270420889 0.000980045987744 0.000223249033642 0.0118502155355 large
26 2010-04-04T224042 7.2 32.259 -115.28 10.0 967 BK.BRIB 37.91886 -122.15179 1270420890 0.000978972450681 0.000228103288189 0.0118599007068 large
26 2010-04-04T224042 7.2 32.259 -115.28 10.0 967 BK.BRIB 37.91886 -122.15179 1270420891 0.000963056096829 0.000209689793777 0.0118464581558 large
26 2010-04-04T224042 7.2 32.259 -115.28 10.0 967 BK.BRIB 37.91886 -122.15179 1270420892 0.00098198302201 0.000251044308476 0.0118911266327 large
26 2010-04-04T224042 7.2 32.259 -115.28 10.0 967 BK.BRIB 37.91886 -122.15179 1270420893 0.000951993997525 0.000241965918963 0.0118752802921 large
26 2010-04-04T224042 7.2 32.259 -115.28 10.0 967 BK.BRIB 37.91886 -122.15179 1270420894 0.000961329102423 0.000235314656723 0.0118614876746 large
26 2010-04-04T224042 7.2 32.259 -115.28 10.0 967 BK.BRIB 37.91886 -122.15179 1270420895 0.000957805100324 0.000219678356018 0.0118346025725 large
26 2010-04-04T224042 7.2 32.259 -115.28 10.0 967 BK.BRIB 37.91886 -122.15179 1270420896 0.000977152105225 0.000233260933645 0.0118795511026 large
26 2010-04-04T224042 7.2 32.259 -115.28 10.0 967 BK.BRIB 37.91886 -122.15179 1270420897 0.0009760552304 0.000216247704968 0.0118138319641 large
26 2010-04-04T224042 7.2 32.259 -115.28 10.0 967 BK.BRIB 37.91886 -122.15179 1270420898 0.000983056559074 0.000230390388889 0.011927020111 large
26 2010-04-04T224042 7.2 32.259 -115.28 10.0 967 BK.BRIB 37.91886 -122.15179 1270420899 0.000951643931091 0.000282106870025 0.0118461080893 large
26 2010-04-04T224042 7.2 32.259 -115.28 10.0 967 BK.BRIB 37.91886 -122.15179 1270420900 0.000981889670961 0.000201101497271 0.0118669953865 large
26 2010-04-04T224042 7.2 32.259 -115.28 10.0 967 BK.BRIB 37.91886 -122.15179 1270420901 0.000930966673741 0.000268150888203 0.0118900297579 large
72 2011-10-13T041358.720000 0.0 43.4217 -127.255 13.3 2068 BK.BRIB 37.91886 -122.15179 1318479238 -0.024809463507 -0.00909812951888 -0.0218316698256 normal
72 2011-10-13T041358.720000 0.0 43.4217 -127.255 13.3 2068 BK.BRIB 37.91886 -122.15179 1318479239 -0.0248079700364 -0.00909873624131 -0.0218327432576 normal
72 2011-10-13T041358.720000 0.0 43.4217 -127.255 13.3 2068 BK.BRIB 37.91886 -122.15179 1318479240 -0.0248085067524 -0.00909973966687 -0.0218318565095 normal
72 2011-10-13T041358.720000 0.0 43.4217 -127.255 13.3 2068 BK.BRIB 37.91886 -122.15179 1318479241 -0.0248092768231 -0.00909871290583 -0.0218316231547 normal
72 2011-10-13T041358.720000 0.0 43.4217 -127.255 13.3 2068 BK.BRIB 37.91886 -122.15179 1318479242 -0.0248079700364 -0.00909882958322 -0.0218313664644 normal
72 2011-10-13T041358.720000 0.0 43.4217 -127.255 13.3 2068 BK.BRIB 37.91886 -122.15179 1318479243 -0.0248071066237 -0.00909784949315 -0.0218296163036 normal
72 2011-10-13T041358.720000 0.0 43.4217 -127.255 13.3 2068 BK.BRIB 37.91886 -122.15179 1318479244 -0.0248061732045 -0.00909654270638 -0.021829196265 normal
72 2011-10-13T041358.720000 0.0 43.4217 -127.255 13.3 2068 BK.BRIB 37.91886 -122.15179 1318479245 -0.0248083667395 -0.00909696274498 -0.021830759742 normal
72 2011-10-13T041358.720000 0.0 43.4217 -127.255 13.3 2068 BK.BRIB 37.91886 -122.15179 1318479246 -0.0248097201972 -0.00909924962183 -0.0218314364709 normal
72 2011-10-13T041358.720000 0.0 43.4217 -127.255 13.3 2068 BK.BRIB 37.91886 -122.15179 1318479247 -0.024809906881 -0.00910041639573 -0.0218336533413 normal
72 2011-10-13T041358.720000 0.0 43.4217 -127.255 13.3 2068 BK.BRIB 37.91886 -122.15179 1318479248 -0.0248069899463 -0.0090986428994 -0.0218303397034 normal
72 2011-10-13T041358.720000 0.0 43.4217 -127.255 13.3 2068 BK.BRIB 37.91886 -122.15179 1318479249 -0.0248092068167 -0.00910013636999 -0.0218308064129 normal
72 2011-10-13T041358.720000 0.0 43.4217 -127.255 13.3 2068 BK.BRIB 37.91886 -122.15179 1318479250 -0.0248078300235 -0.00909854955749 -0.0218309464258 normal
72 2011-10-13T041358.720000 0.0 43.4217 -127.255 13.3 2068 BK.BRIB 37.91886 -122.15179 1318479251 -0.0248085767588 -0.00909878291227 -0.0218314364709 normal
72 2011-10-13T041358.720000 0.0 43.4217 -127.255 13.3 2068 BK.BRIB 37.91886 -122.15179 1318479252 -0.0248078766944 -0.0090988529187 -0.0218310164323 normal
72 2011-10-13T041358.720000 0.0 43.4217 -127.255 13.3 2068 BK.BRIB 37.91886 -122.15179 1318479253 -0.0248075266623 -0.00909983300878 -0.0218306197291 normal
72 2011-10-13T041358.720000 0.0 43.4217 -127.255 13.3 2068 BK.BRIB 37.91886 -122.15179 1318479254 -0.0248083200685 -0.00909924962183 -0.0218324632319 normal
72 2011-10-13T041358.720000 0.0 43.4217 -127.255 13.3 2068 BK.BRIB 37.91886 -122.15179 1318479255 -0.0248093935005 -0.00909689273855 -0.0218318565095 normal
72 2011-10-13T041358.720000 0.0 43.4217 -127.255 13.3 2068 BK.BRIB 37.91886 -122.15179 1318479256 -0.0248081333847 -0.00909836287366 -0.0218306897356 normal
72 2011-10-13T041358.720000 0.0 43.4217 -127.255 13.3 2068 BK.BRIB 37.91886 -122.15179 1318479257 -0.0248090201329 -0.00909878291227 -0.0218305497227 normal
72 2011-10-13T041358.720000 0.0 43.4217 -127.255 13.3 2068 BK.BRIB 37.91886 -122.15179 1318479258 -0.0248085534233 -0.00909836287366 -0.0218299663357 normal
72 2011-10-13T041358.720000 0.0 43.4217 -127.255 13.3 2068 BK.BRIB 37.91886 -122.15179 1318479259 -0.0248100702294 -0.00909873624131 -0.0218310864387 normal
72 2011-10-13T041358.720000 0.0 43.4217 -127.255 13.3 2068 BK.BRIB 37.91886 -122.15179 1318479260 -0.0248087401071 -0.00910113979555 -0.0218319731869 normal
72 2011-10-13T041358.720000 0.0 43.4217 -127.255 13.3 2068 BK.BRIB 37.91886 -122.15179 1318479261 -0.0248079233654 -0.00909910960896 -0.0218321598707 normal
72 2011-10-13T041358.720000 0.0 43.4217 -127.255 13.3 2068 BK.BRIB 37.91886 -122.15179 1318479262 -0.0248086467652 -0.00909731277715 -0.0218314598063 normal
72 2011-10-13T041358.720000 0.0 43.4217 -127.255 13.3 2068 BK.BRIB 37.91886 -122.15179 1318479263 -0.0248091834812 -0.0090972661062 -0.0218316231547 normal
72 2011-10-13T041358.720000 0.0 43.4217 -127.255 13.3 2068 BK.BRIB 37.91886 -122.15179 1318479264 -0.0248099768875 -0.0091000196926 -0.0218306897356 normal
72 2011-10-13T041358.720000 0.0 43.4217 -127.255 13.3 2068 BK.BRIB 37.91886 -122.15179 1318479265 -0.0248081567202 -0.00909878291227 -0.0218310864387 normal
72 2011-10-13T041358.720000 0.0 43.4217 -127.255 13.3 2068 BK.BRIB 37.91886 -122.15179 1318479266 -0.0248086467652 -0.00910039306025 -0.0218313664644 normal
72 2011-10-13T041358.720000 0.0 43.4217 -127.255 13.3 2068 BK.BRIB 37.91886 -122.15179 1318479267 -0.0248089967974 -0.0090993896347 -0.0218329532769 normal
72 2011-10-13T041358.720000 0.0 43.4217 -127.255 13.3 2068 BK.BRIB 37.91886 -122.15179 1318479268 -0.0248082500621 -0.00909815285436 -0.0218312731225 normal
72 2011-10-13T041358.720000 0.0 43.4217 -127.255 13.3 2068 BK.BRIB 37.91886 -122.15179 1318479269 -0.0248102335777 -0.00909941297018 -0.0218319965223 normal
72 2011-10-13T041358.720000 0.0 43.4217 -127.255 13.3 2068 BK.BRIB 37.91886 -122.15179 1318479270 -0.0248090668038 -0.00909826953175 -0.021831786503 normal
72 2011-10-13T041358.720000 0.0 43.4217 -127.255 13.3 2068 BK.BRIB 37.91886 -122.15179 1318479271 -0.0248098368746 -0.00909616933873 -0.0218299896712 normal
72 2011-10-13T041358.720000 0.0 43.4217 -127.255 13.3 2068 BK.BRIB 37.91886 -122.15179 1318479272 -0.0248076433397 -0.00909920295087 -0.0218303863743 normal
72 2011-10-13T041358.720000 0.0 43.4217 -127.255 13.3 2068 BK.BRIB 37.91886 -122.15179 1318479273 -0.0248075499978 -0.00909773281576 -0.0218306897356 normal
72 2011-10-13T041358.720000 0.0 43.4217 -127.255 13.3 2068 BK.BRIB 37.91886 -122.15179 1318479274 -0.0248082733976 -0.00909810618341 -0.0218315064773 normal
72 2011-10-13T041358.720000 0.0 43.4217 -127.255 13.3 2068 BK.BRIB 37.91886 -122.15179 1318479275 -0.0248099302165 -0.00910043973121 -0.0218332799736 normal
72 2011-10-13T041358.720000 0.0 43.4217 -127.255 13.3 2068 BK.BRIB 37.91886 -122.15179 1318479276 -0.0248106069454 -0.00909787282863 -0.021831833174 normal
72 2011-10-13T041358.720000 0.0 43.4217 -127.255 13.3 2068 BK.BRIB 37.91886 -122.15179 1318479277 -0.0248086234297 -0.00909861956392 -0.0218302930324 normal
72 2011-10-13T041358.720000 0.0 43.4217 -127.255 13.3 2068 BK.BRIB 37.91886 -122.15179 1318479278 -0.0248061265336 -0.00909889958966 -0.0218307830775 normal
72 2011-10-13T041358.720000 0.0 43.4217 -127.255 13.3 2068 BK.BRIB 37.91886 -122.15179 1318479279 -0.0248067099205 -0.00909733611263 -0.021830269697 normal
72 2011-10-13T041358.720000 0.0 43.4217 -127.255 13.3 2068 BK.BRIB 37.91886 -122.15179 1318479280 -0.0248068265979 -0.00909801284149 -0.021830759742 normal
72 2011-10-13T041358.720000 0.0 43.4217 -127.255 13.3 2068 BK.BRIB 37.91886 -122.15179 1318479281 -0.0248081800557 -0.00909906293801 -0.0218314364709 normal
72 2011-10-13T041358.720000 0.0 43.4217 -127.255 13.3 2068 BK.BRIB 37.91886 -122.15179 1318479282 -0.0248103502551 -0.00910209655015 -0.0218332799736 normal
72 2011-10-13T041358.720000 0.0 43.4217 -127.255 13.3 2068 BK.BRIB 37.91886 -122.15179 1318479283 -0.0248090434683 -0.00909934296374 -0.0218322065416 normal
72 2011-10-13T041358.720000 0.0 43.4217 -127.255 13.3 2068 BK.BRIB 37.91886 -122.15179 1318479284 -0.0248079000299 -0.00909670605472 -0.0218308064129 normal
72 2011-10-13T041358.720000 0.0 43.4217 -127.255 13.3 2068 BK.BRIB 37.91886 -122.15179 1318479285 -0.0248065465722 -0.00909782615767 -0.0218308997549 normal
72 2011-10-13T041358.720000 0.0 43.4217 -127.255 13.3 2068 BK.BRIB 37.91886 -122.15179 1318479286 -0.0248062665465 -0.00909880624775 -0.0218314364709 normal
72 2011-10-13T041358.720000 0.0 43.4217 -127.255 13.3 2068 BK.BRIB 37.91886 -122.15179 1318479287 -0.0248070599527 -0.0090969394095 -0.0218315064773 normal
72 2011-10-13T041358.720000 0.0 43.4217 -127.255 13.3 2068 BK.BRIB 37.91886 -122.15179 1318479288 -0.0248092301522 -0.00910062641503 -0.0218309697613 normal
72 2011-10-13T041358.720000 0.0 43.4217 -127.255 13.3 2068 BK.BRIB 37.91886 -122.15179 1318479289 -0.024809370165 -0.00909990301521 -0.0218312264516 normal
72 2011-10-13T041358.720000 0.0 43.4217 -127.255 13.3 2068 BK.BRIB 37.91886 -122.15179 1318479290 -0.0248075966687 -0.00909929629279 -0.021831833174 normal
72 2011-10-13T041358.720000 0.0 43.4217 -127.255 13.3 2068 BK.BRIB 37.91886 -122.15179 1318479291 -0.0248081800557 -0.0090998096733 -0.0218330699543 normal
72 2011-10-13T041358.720000 0.0 43.4217 -127.255 13.3 2068 BK.BRIB 37.91886 -122.15179 1318479292 -0.0248071766301 -0.00909642602899 -0.0218322298771 normal
72 2011-10-13T041358.720000 0.0 43.4217 -127.255 13.3 2068 BK.BRIB 37.91886 -122.15179 1318479293 -0.0248080167073 -0.00909654270638 -0.0218306430646 normal
72 2011-10-13T041358.720000 0.0 43.4217 -127.255 13.3 2068 BK.BRIB 37.91886 -122.15179 1318479294 -0.0248075033268 -0.00909955298304 -0.0218310631032 normal
72 2011-10-13T041358.720000 0.0 43.4217 -127.255 13.3 2068 BK.BRIB 37.91886 -122.15179 1318479295 -0.0248076666751 -0.00909997302165 -0.0218303630389 normal
72 2011-10-13T041358.720000 0.0 43.4217 -127.255 13.3 2068 BK.BRIB 37.91886 -122.15179 1318479296 -0.0248090668038 -0.00909878291227 -0.0218298496583 normal
72 2011-10-13T041358.720000 0.0 43.4217 -127.255 13.3 2068 BK.BRIB 37.91886 -122.15179 1318479297 -0.0248087634426 -0.00909997302165 -0.0218326965867 normal
73 2011-10-13T041358.720000 1.0 43.4217 -127.255 13.3 2305 BK.BRIB 37.91886 -122.15179 1318479238 -0.0248071299591 -0.00909754613193 -0.0218293362778 normal
73 2011-10-13T041358.720000 1.0 43.4217 -127.255 13.3 2305 BK.BRIB 37.91886 -122.15179 1318479239 -0.0248084134104 -0.00909812951888 -0.021830713071 normal
73 2011-10-13T041358.720000 1.0 43.4217 -127.255 13.3 2305 BK.BRIB 37.91886 -122.15179 1318479240 -0.0248080867137 -0.00910020637643 -0.0218288228973 normal
73 2011-10-13T041358.720000 1.0 43.4217 -127.255 13.3 2305 BK.BRIB 37.91886 -122.15179 1318479241 -0.0248075966687 -0.0091003463893 -0.0218304797163 normal
73 2011-10-13T041358.720000 1.0 43.4217 -127.255 13.3 2305 BK.BRIB 37.91886 -122.15179 1318479242 -0.0248075266623 -0.00909453585527 -0.0218299430003 normal
73 2011-10-13T041358.720000 1.0 43.4217 -127.255 13.3 2305 BK.BRIB 37.91886 -122.15179 1318479243 -0.0248072233011 -0.00909600599038 -0.0218298263229 normal
73 2011-10-13T041358.720000 1.0 43.4217 -127.255 13.3 2305 BK.BRIB 37.91886 -122.15179 1318479244 -0.0248089501264 -0.00909922628635 -0.0218305030517 normal
73 2011-10-13T041358.720000 1.0 43.4217 -127.255 13.3 2305 BK.BRIB 37.91886 -122.15179 1318479245 -0.0248059398498 -0.00909742945454 -0.0218309230903 normal
73 2011-10-13T041358.720000 1.0 43.4217 -127.255 13.3 2305 BK.BRIB 37.91886 -122.15179 1318479246 -0.0248076900106 -0.00909929629279 -0.0218298729938 normal
73 2011-10-13T041358.720000 1.0 43.4217 -127.255 13.3 2305 BK.BRIB 37.91886 -122.15179 1318479247 -0.0248077366816 -0.00909675272568 -0.0218284028587 normal
73 2011-10-13T041358.720000 1.0 43.4217 -127.255 13.3 2305 BK.BRIB 37.91886 -122.15179 1318479248 -0.0248091601457 -0.00910025304738 -0.0218304563808 normal
73 2011-10-13T041358.720000 1.0 43.4217 -127.255 13.3 2305 BK.BRIB 37.91886 -122.15179 1318479249 -0.0248086701007 -0.00909703275142 -0.0218305263872 normal
73 2011-10-13T041358.720000 1.0 43.4217 -127.255 13.3 2305 BK.BRIB 37.91886 -122.15179 1318479250 -0.0248076433397 -0.00909712609333 -0.0218299896712 normal
73 2011-10-13T041358.720000 1.0 43.4217 -127.255 13.3 2305 BK.BRIB 37.91886 -122.15179 1318479251 -0.0248070599527 -0.00909852622201 -0.0218301530196 normal
73 2011-10-13T041358.720000 1.0 43.4217 -127.255 13.3 2305 BK.BRIB 37.91886 -122.15179 1318479252 -0.0248071299591 -0.00909803617697 -0.02182968631 normal
73 2011-10-13T041358.720000 1.0 43.4217 -127.255 13.3 2305 BK.BRIB 37.91886 -122.15179 1318479253 -0.0248085300878 -0.00910039306025 -0.021830176355 normal
73 2011-10-13T041358.720000 1.0 43.4217 -127.255 13.3 2305 BK.BRIB 37.91886 -122.15179 1318479254 -0.0248086934362 -0.00909999635713 -0.0218302463615 normal
73 2011-10-13T041358.720000 1.0 43.4217 -127.255 13.3 2305 BK.BRIB 37.91886 -122.15179 1318479255 -0.0248072933075 -0.00909868957036 -0.0218306197291 normal
73 2011-10-13T041358.720000 1.0 43.4217 -127.255 13.3 2305 BK.BRIB 37.91886 -122.15179 1318479256 -0.0248084134104 -0.00909766280932 -0.0218298496583 normal
73 2011-10-13T041358.720000 1.0 43.4217 -127.255 13.3 2305 BK.BRIB 37.91886 -122.15179 1318479257 -0.0248078766944 -0.00909740611906 -0.0218290329166 normal
73 2011-10-13T041358.720000 1.0 43.4217 -127.255 13.3 2305 BK.BRIB 37.91886 -122.15179 1318479258 -0.024808926791 -0.00909740611906 -0.0218292896069 normal
73 2011-10-13T041358.720000 1.0 43.4217 -127.255 13.3 2305 BK.BRIB 37.91886 -122.15179 1318479259 -0.0248079700364 -0.00909910960896 -0.0218293129424 normal
73 2011-10-13T041358.720000 1.0 43.4217 -127.255 13.3 2305 BK.BRIB 37.91886 -122.15179 1318479260 -0.0248087867781 -0.00909920295087 -0.0218305730582 normal
73 2011-10-13T041358.720000 1.0 43.4217 -127.255 13.3 2305 BK.BRIB 37.91886 -122.15179 1318479261 -0.0248069899463 -0.00909875957679 -0.0218300830131 normal
73 2011-10-13T041358.720000 1.0 43.4217 -127.255 13.3 2305 BK.BRIB 37.91886 -122.15179 1318479262 -0.0248076900106 -0.00909868957036 -0.0218285428716 normal
73 2011-10-13T041358.720000 1.0 43.4217 -127.255 13.3 2305 BK.BRIB 37.91886 -122.15179 1318479263 -0.024807269972 -0.00909721943524 -0.0218292662714 normal
73 2011-10-13T041358.720000 1.0 43.4217 -127.255 13.3 2305 BK.BRIB 37.91886 -122.15179 1318479264 -0.024808390075 -0.00909777948671 -0.0218275627815 normal
73 2011-10-13T041358.720000 1.0 43.4217 -127.255 13.3 2305 BK.BRIB 37.91886 -122.15179 1318479265 -0.0248081100492 -0.00909854955749 -0.0218297096455 normal
73 2011-10-13T041358.720000 1.0 43.4217 -127.255 13.3 2305 BK.BRIB 37.91886 -122.15179 1318479266 -0.0248088101136 -0.00910111646007 -0.0218318565095 normal
73 2011-10-13T041358.720000 1.0 43.4217 -127.255 13.3 2305 BK.BRIB 37.91886 -122.15179 1318479267 -0.0248063132174 -0.009099599654 -0.0218294062843 normal
73 2011-10-13T041358.720000 1.0 43.4217 -127.255 13.3 2305 BK.BRIB 37.91886 -122.15179 1318479268 -0.0248075733332 -0.00910050973764 -0.0218290562521 normal
73 2011-10-13T041358.720000 1.0 43.4217 -127.255 13.3 2305 BK.BRIB 37.91886 -122.15179 1318479269 -0.0248070599527 -0.00909731277715 -0.021829149594 normal
73 2011-10-13T041358.720000 1.0 43.4217 -127.255 13.3 2305 BK.BRIB 37.91886 -122.15179 1318479270 -0.0248075499978 -0.00909798950602 -0.0218286828844 normal
73 2011-10-13T041358.720000 1.0 43.4217 -127.255 13.3 2305 BK.BRIB 37.91886 -122.15179 1318479271 -0.0248090901393 -0.00909829286723 -0.0218292429359 normal
73 2011-10-13T041358.720000 1.0 43.4217 -127.255 13.3 2305 BK.BRIB 37.91886 -122.15179 1318479272 -0.0248074566558 -0.00909773281576 -0.0218292196004 normal
73 2011-10-13T041358.720000 1.0 43.4217 -127.255 13.3 2305 BK.BRIB 37.91886 -122.15179 1318479273 -0.0248064298948 -0.00909999635713 -0.0218304563808 normal
73 2011-10-13T041358.720000 1.0 43.4217 -127.255 13.3 2305 BK.BRIB 37.91886 -122.15179 1318479274 -0.0248068732689 -0.00909861956392 -0.0218305263872 normal
73 2011-10-13T041358.720000 1.0 43.4217 -127.255 13.3 2305 BK.BRIB 37.91886 -122.15179 1318479275 -0.0248083667395 -0.00909866623488 -0.0218299196648 normal
73 2011-10-13T041358.720000 1.0 43.4217 -127.255 13.3 2305 BK.BRIB 37.91886 -122.15179 1318479276 -0.0248084600814 -0.00909763947384 -0.0218293829488 normal
73 2011-10-13T041358.720000 1.0 43.4217 -127.255 13.3 2305 BK.BRIB 37.91886 -122.15179 1318479277 -0.0248070366172 -0.0090969394095 -0.0218279828201 normal
73 2011-10-13T041358.720000 1.0 43.4217 -127.255 13.3 2305 BK.BRIB 37.91886 -122.15179 1318479278 -0.0248078766944 -0.00909579597108 -0.0218285895425 normal
73 2011-10-13T041358.720000 1.0 43.4217 -127.255 13.3 2305 BK.BRIB 37.91886 -122.15179 1318479279 -0.0248085767588 -0.00909803617697 -0.0218303863743 normal
73 2011-10-13T041358.720000 1.0 43.4217 -127.255 13.3 2305 BK.BRIB 37.91886 -122.15179 1318479280 -0.0248079233654 -0.00909880624775 -0.0218310397677 normal
73 2011-10-13T041358.720000 1.0 43.4217 -127.255 13.3 2305 BK.BRIB 37.91886 -122.15179 1318479281 -0.0248066399141 -0.00909943630565 -0.0218307830775 normal
73 2011-10-13T041358.720000 1.0 43.4217 -127.255 13.3 2305 BK.BRIB 37.91886 -122.15179 1318479282 -0.0248078766944 -0.00909668271925 -0.0218289162392 normal
73 2011-10-13T041358.720000 1.0 43.4217 -127.255 13.3 2305 BK.BRIB 37.91886 -122.15179 1318479283 -0.0248090668038 -0.00909985634426 -0.0218287528909 normal
73 2011-10-13T041358.720000 1.0 43.4217 -127.255 13.3 2305 BK.BRIB 37.91886 -122.15179 1318479284 -0.0248073633139 -0.00909770948028 -0.0218297563164 normal
73 2011-10-13T041358.720000 1.0 43.4217 -127.255 13.3 2305 BK.BRIB 37.91886 -122.15179 1318479285 -0.0248079933718 -0.00909824619627 -0.0218301296841 normal
73 2011-10-13T041358.720000 1.0 43.4217 -127.255 13.3 2305 BK.BRIB 37.91886 -122.15179 1318479286 -0.0248080867137 -0.00909964632496 -0.0218305497227 normal
73 2011-10-13T041358.720000 1.0 43.4217 -127.255 13.3 2305 BK.BRIB 37.91886 -122.15179 1318479287 -0.0248066632496 -0.00909705608689 -0.0218296163036 normal
73 2011-10-13T041358.720000 1.0 43.4217 -127.255 13.3 2305 BK.BRIB 37.91886 -122.15179 1318479288 -0.0248069199398 -0.00909845621558 -0.0218294762907 normal
73 2011-10-13T041358.720000 1.0 43.4217 -127.255 13.3 2305 BK.BRIB 37.91886 -122.15179 1318479289 -0.0248080167073 -0.00909714942881 -0.0218297796519 normal
73 2011-10-13T041358.720000 1.0 43.4217 -127.255 13.3 2305 BK.BRIB 37.91886 -122.15179 1318479290 -0.0248087167717 -0.00909875957679 -0.0218288929037 normal
73 2011-10-13T041358.720000 1.0 43.4217 -127.255 13.3 2305 BK.BRIB 37.91886 -122.15179 1318479291 -0.0248079700364 -0.00910039306025 -0.0218288228973 normal
73 2011-10-13T041358.720000 1.0 43.4217 -127.255 13.3 2305 BK.BRIB 37.91886 -122.15179 1318479292 -0.0248076200042 -0.00909854955749 -0.0218298963293 normal
73 2011-10-13T041358.720000 1.0 43.4217 -127.255 13.3 2305 BK.BRIB 37.91886 -122.15179 1318479293 -0.024807806688 -0.00909731277715 -0.0218290329166 normal
73 2011-10-13T041358.720000 1.0 43.4217 -127.255 13.3 2305 BK.BRIB 37.91886 -122.15179 1318479294 -0.0248068732689 -0.00909812951888 -0.0218292662714 normal
73 2011-10-13T041358.720000 1.0 43.4217 -127.255 13.3 2305 BK.BRIB 37.91886 -122.15179 1318479295 -0.024807806688 -0.00909934296374 -0.0218310864387 normal
73 2011-10-13T041358.720000 1.0 43.4217 -127.255 13.3 2305 BK.BRIB 37.91886 -122.15179 1318479296 -0.0248079233654 -0.00909815285436 -0.0218280994975 normal
73 2011-10-13T041358.720000 1.0 43.4217 -127.255 13.3 2305 BK.BRIB 37.91886 -122.15179 1318479297 -0.0248076900106 -0.0090982228608 -0.0218295462971 normal
74 2011-10-13T041358.720000 5.6 43.4217 -127.255 13.3 2542 BK.BRIB 37.91886 -122.15179 1318479238 -0.0248041196825 -0.00909992635069 -0.0218266293624 medium
74 2011-10-13T041358.720000 5.6 43.4217 -127.255 13.3 2542 BK.BRIB 37.91886 -122.15179 1318479239 -0.0248043997082 -0.00909901626705 -0.0218245991758 medium
74 2011-10-13T041358.720000 5.6 43.4217 -127.255 13.3 2542 BK.BRIB 37.91886 -122.15179 1318479240 -0.0248033029407 -0.00909906293801 -0.0218230590342 medium
74 2011-10-13T041358.720000 5.6 43.4217 -127.255 13.3 2542 BK.BRIB 37.91886 -122.15179 1318479241 -0.0248070599527 -0.00909990301521 -0.0218262093238 medium
74 2011-10-13T041358.720000 5.6 43.4217 -127.255 13.3 2542 BK.BRIB 37.91886 -122.15179 1318479242 -0.0248039096632 -0.0090984328801 -0.0218201887704 medium
74 2011-10-13T041358.720000 5.6 43.4217 -127.255 13.3 2542 BK.BRIB 37.91886 -122.15179 1318479243 -0.0248050297661 -0.00910041639573 -0.0218263493366 medium
74 2011-10-13T041358.720000 5.6 43.4217 -127.255 13.3 2542 BK.BRIB 37.91886 -122.15179 1318479244 -0.0248060798626 -0.00909721943524 -0.0218300130067 medium
74 2011-10-13T041358.720000 5.6 43.4217 -127.255 13.3 2542 BK.BRIB 37.91886 -122.15179 1318479245 -0.0248035362955 -0.00909945964113 -0.0218250192144 medium
74 2011-10-13T041358.720000 5.6 43.4217 -127.255 13.3 2542 BK.BRIB 37.91886 -122.15179 1318479246 -0.0248056364886 -0.00909910960896 -0.0218243424855 medium
74 2011-10-13T041358.720000 5.6 43.4217 -127.255 13.3 2542 BK.BRIB 37.91886 -122.15179 1318479247 -0.0248050297661 -0.00910127980842 -0.0218271660784 medium
74 2011-10-13T041358.720000 5.6 43.4217 -127.255 13.3 2542 BK.BRIB 37.91886 -122.15179 1318479248 -0.0248058698433 -0.00910025304738 -0.0218215888991 medium
74 2011-10-13T041358.720000 5.6 43.4217 -127.255 13.3 2542 BK.BRIB 37.91886 -122.15179 1318479249 -0.0248037463148 -0.00909901626705 -0.021823875776 medium
74 2011-10-13T041358.720000 5.6 43.4217 -127.255 13.3 2542 BK.BRIB 37.91886 -122.15179 1318479250 -0.0248058698433 -0.00909656604186 -0.0218283795232 medium
74 2011-10-13T041358.720000 5.6 43.4217 -127.255 13.3 2542 BK.BRIB 37.91886 -122.15179 1318479251 -0.0248062898819 -0.00909649603542 -0.0218252992401 medium
74 2011-10-13T041358.720000 5.6 43.4217 -127.255 13.3 2542 BK.BRIB 37.91886 -122.15179 1318479252 -0.0248024161926 -0.00909971633139 -0.02182602264 medium
74 2011-10-13T041358.720000 5.6 43.4217 -127.255 13.3 2542 BK.BRIB 37.91886 -122.15179 1318479253 -0.02480619654 -0.00909969299591 -0.0218267927107 medium
74 2011-10-13T041358.720000 5.6 43.4217 -127.255 13.3 2542 BK.BRIB 37.91886 -122.15179 1318479254 -0.0248025095345 -0.00910111646007 -0.0218257892852 medium
74 2011-10-13T041358.720000 5.6 43.4217 -127.255 13.3 2542 BK.BRIB 37.91886 -122.15179 1318479255 -0.0248082267266 -0.00910116313103 -0.0218226623311 medium
74 2011-10-13T041358.720000 5.6 43.4217 -127.255 13.3 2542 BK.BRIB 37.91886 -122.15179 1318479256 -0.024807316643 -0.00910125647294 -0.0218269560591 medium
74 2011-10-13T041358.720000 5.6 43.4217 -127.255 13.3 2542 BK.BRIB 37.91886 -122.15179 1318479257 -0.0248027662248 -0.00909775615123 -0.0218279361491 medium
74 2011-10-13T041358.720000 5.6 43.4217 -127.255 13.3 2542 BK.BRIB 37.91886 -122.15179 1318479258 -0.0248066399141 -0.00909661271281 -0.0218235257438 medium
74 2011-10-13T041358.720000 5.6 43.4217 -127.255 13.3 2542 BK.BRIB 37.91886 -122.15179 1318479259 -0.0248047030694 -0.00910148982772 -0.0218267460398 medium
74 2011-10-13T041358.720000 5.6 43.4217 -127.255 13.3 2542 BK.BRIB 37.91886 -122.15179 1318479260 -0.0248059398498 -0.00909579597108 -0.0218251125563 medium
74 2011-10-13T041358.720000 5.6 43.4217 -127.255 13.3 2542 BK.BRIB 37.91886 -122.15179 1318479261 -0.0248070832882 -0.00910160650511 -0.0218252292337 medium
74 2011-10-13T041358.720000 5.6 43.4217 -127.255 13.3 2542 BK.BRIB 37.91886 -122.15179 1318479262 -0.0248068032625 -0.00909901626705 -0.0218239457824 medium
74 2011-10-13T041358.720000 5.6 43.4217 -127.255 13.3 2542 BK.BRIB 37.91886 -122.15179 1318479263 -0.0248040730115 -0.00910071975695 -0.0218262093238 medium
74 2011-10-13T041358.720000 5.6 43.4217 -127.255 13.3 2542 BK.BRIB 37.91886 -122.15179 1318479264 -0.0248020661604 -0.0091019332018 -0.021825485924 medium
74 2011-10-13T041358.720000 5.6 43.4217 -127.255 13.3 2542 BK.BRIB 37.91886 -122.15179 1318479265 -0.0248050764371 -0.00909784949315 -0.021824855866 medium
74 2011-10-13T041358.720000 5.6 43.4217 -127.255 13.3 2542 BK.BRIB 37.91886 -122.15179 1318479266 -0.0248055898176 -0.00909896959609 -0.0218256726078 medium
74 2011-10-13T041358.720000 5.6 43.4217 -127.255 13.3 2542 BK.BRIB 37.91886 -122.15179 1318479267 -0.0248053564628 -0.00909850288653 -0.021824855866 medium
74 2011-10-13T041358.720000 5.6 43.4217 -127.255 13.3 2542 BK.BRIB 37.91886 -122.15179 1318479268 -0.0248036296374 -0.00909941297018 -0.0218249725434 medium
74 2011-10-13T041358.720000 5.6 43.4217 -127.255 13.3 2542 BK.BRIB 37.91886 -122.15179 1318479269 -0.0248045163856 -0.00909966966043 -0.0218247625241 medium
74 2011-10-13T041358.720000 5.6 43.4217 -127.255 13.3 2542 BK.BRIB 37.91886 -122.15179 1318479270 -0.0248057531659 -0.0091005564086 -0.0218256026013 medium
74 2011-10-13T041358.720000 5.6 43.4217 -127.255 13.3 2542 BK.BRIB 37.91886 -122.15179 1318479271 -0.0248031162569 -0.00910141982129 -0.021825439253 medium
74 2011-10-13T041358.720000 5.6 43.4217 -127.255 13.3 2542 BK.BRIB 37.91886 -122.15179 1318479272 -0.0248073399784 -0.00909612266777 -0.0218241324662 medium
74 2011-10-13T041358.720000 5.6 43.4217 -127.255 13.3 2542 BK.BRIB 37.91886 -122.15179 1318479273 -0.0248058698433 -0.00910095311173 -0.0218269793946 medium
74 2011-10-13T041358.720000 5.6 43.4217 -127.255 13.3 2542 BK.BRIB 37.91886 -122.15179 1318479274 -0.0248035129601 -0.00909976300235 -0.0218252292337 medium
74 2011-10-13T041358.720000 5.6 43.4217 -127.255 13.3 2542 BK.BRIB 37.91886 -122.15179 1318479275 -0.024805123108 -0.00909749946098 -0.0218231057052 medium
74 2011-10-13T041358.720000 5.6 43.4217 -127.255 13.3 2542 BK.BRIB 37.91886 -122.15179 1318479276 -0.0248032796053 -0.00909927295731 -0.0218252292337 medium
74 2011-10-13T041358.720000 5.6 43.4217 -127.255 13.3 2542 BK.BRIB 37.91886 -122.15179 1318479277 -0.0248044230437 -0.00909791949958 -0.0218251825627 medium
74 2011-10-13T041358.720000 5.6 43.4217 -127.255 13.3 2542 BK.BRIB 37.91886 -122.15179 1318479278 -0.0248041663534 -0.00910060307956 -0.0218223122989 medium
74 2011-10-13T041358.720000 5.6 43.4217 -127.255 13.3 2542 BK.BRIB 37.91886 -122.15179 1318479279 -0.0248041196825 -0.00909929629279 -0.0218249958789 medium
74 2011-10-13T041358.720000 5.6 43.4217 -127.255 13.3 2542 BK.BRIB 37.91886 -122.15179 1318479280 -0.0248047964113 -0.00910074309242 -0.0218257426142 medium
74 2011-10-13T041358.720000 5.6 43.4217 -127.255 13.3 2542 BK.BRIB 37.91886 -122.15179 1318479281 -0.0248053331273 -0.00910176985346 -0.0218252058982 medium
74 2011-10-13T041358.720000 5.6 43.4217 -127.255 13.3 2542 BK.BRIB 37.91886 -122.15179 1318479282 -0.0248033496117 -0.00909894626061 -0.0218260693109 medium
74 2011-10-13T041358.720000 5.6 43.4217 -127.255 13.3 2542 BK.BRIB 37.91886 -122.15179 1318479283 -0.0248045397211 -0.00909894626061 -0.021824949208 medium
74 2011-10-13T041358.720000 5.6 43.4217 -127.255 13.3 2542 BK.BRIB 37.91886 -122.15179 1318479284 -0.0248047264049 -0.00909927295731 -0.0218240857953 medium
74 2011-10-13T041358.720000 5.6 43.4217 -127.255 13.3 2542 BK.BRIB 37.91886 -122.15179 1318479285 -0.0248057298305 -0.00910144315676 -0.0218242491436 medium
74 2011-10-13T041358.720000 5.6 43.4217 -127.255 13.3 2542 BK.BRIB 37.91886 -122.15179 1318479286 -0.0248036296374 -0.00909847955105 -0.0218264893495 medium
74 2011-10-13T041358.720000 5.6 43.4217 -127.255 13.3 2542 BK.BRIB 37.91886 -122.15179 1318479287 -0.02480619654 -0.00909833953819 -0.0218241091308 medium
74 2011-10-13T041358.720000 5.6 43.4217 -127.255 13.3 2542 BK.BRIB 37.91886 -122.15179 1318479288 -0.024804633063 -0.00909770948028 -0.021824365821 medium
74 2011-10-13T041358.720000 5.6 43.4217 -127.255 13.3 2542 BK.BRIB 37.91886 -122.15179 1318479289 -0.0248039796696 -0.0090984328801 -0.0218252992401 medium
74 2011-10-13T041358.720000 5.6 43.4217 -127.255 13.3 2542 BK.BRIB 37.91886 -122.15179 1318479290 -0.0248005726898 -0.0090972661062 -0.0218220556087 medium
74 2011-10-13T041358.720000 5.6 43.4217 -127.255 13.3 2542 BK.BRIB 37.91886 -122.15179 1318479291 -0.0248058231724 -0.00910118646651 -0.0218244358274 medium
74 2011-10-13T041358.720000 5.6 43.4217 -127.255 13.3 2542 BK.BRIB 37.91886 -122.15179 1318479292 -0.024804096347 -0.00910398672387 -0.021823829105 medium
74 2011-10-13T041358.720000 5.6 43.4217 -127.255 13.3 2542 BK.BRIB 37.91886 -122.15179 1318479293 -0.0248054264693 -0.00909831620271 -0.0218240157888 medium
74 2011-10-13T041358.720000 5.6 43.4217 -127.255 13.3 2542 BK.BRIB 37.91886 -122.15179 1318479294 -0.0248054964757 -0.00909815285436 -0.0218253692466 medium
74 2011-10-13T041358.720000 5.6 43.4217 -127.255 13.3 2542 BK.BRIB 37.91886 -122.15179 1318479295 -0.024804679734 -0.00909724277072 -0.0218264193431 medium
74 2011-10-13T041358.720000 5.6 43.4217 -127.255 13.3 2542 BK.BRIB 37.91886 -122.15179 1318479296 -0.0248036529729 -0.0090955626163 -0.021824365821 medium
74 2011-10-13T041358.720000 5.6 43.4217 -127.255 13.3 2542 BK.BRIB 37.91886 -122.15179 1318479297 -0.0248038629922 -0.00910160650511 -0.0218255559304 medium
132 2014-04-25T211829.890000 0.0 43.3792 -127.0829 14.0 3625 BK.BRIB 37.91886 -122.15179 1398460709 -0.053904907594 -0.0387773805954 -0.0302881203695 normal
132 2014-04-25T211829.890000 0.0 43.3792 -127.0829 14.0 3625 BK.BRIB 37.91886 -122.15179 1398460710 -0.0539054209745 -0.0387800408399 -0.0302886804209 normal
132 2014-04-25T211829.890000 0.0 43.3792 -127.0829 14.0 3625 BK.BRIB 37.91886 -122.15179 1398460711 -0.0539060276969 -0.0387805775559 -0.0302877236663 normal
132 2014-04-25T211829.890000 0.0 43.3792 -127.0829 14.0 3625 BK.BRIB 37.91886 -122.15179 1398460712 -0.0539066810903 -0.0387821410329 -0.0302890771241 normal
132 2014-04-25T211829.890000 0.0 43.3792 -127.0829 14.0 3625 BK.BRIB 37.91886 -122.15179 1398460713 -0.0539057476712 -0.038783121123 -0.0302898238594 normal
132 2014-04-25T211829.890000 0.0 43.3792 -127.0829 14.0 3625 BK.BRIB 37.91886 -122.15179 1398460714 -0.0539056309938 -0.0387816509879 -0.0302905472592 normal
132 2014-04-25T211829.890000 0.0 43.3792 -127.0829 14.0 3625 BK.BRIB 37.91886 -122.15179 1398460715 -0.0539050009359 -0.0387792240982 -0.0302895438336 normal
132 2014-04-25T211829.890000 0.0 43.3792 -127.0829 14.0 3625 BK.BRIB 37.91886 -122.15179 1398460716 -0.0539067277612 -0.0387790607498 -0.0302892171369 normal
132 2014-04-25T211829.890000 0.0 43.3792 -127.0829 14.0 3625 BK.BRIB 37.91886 -122.15179 1398460717 -0.0539051876197 -0.0387793174401 -0.0302891471305 normal
132 2014-04-25T211829.890000 0.0 43.3792 -127.0829 14.0 3625 BK.BRIB 37.91886 -122.15179 1398460718 -0.0539046742392 -0.0387790140789 -0.0302893338143 normal
132 2014-04-25T211829.890000 0.0 43.3792 -127.0829 14.0 3625 BK.BRIB 37.91886 -122.15179 1398460719 -0.053905397639 -0.0387809975945 -0.0302885170726 normal
132 2014-04-25T211829.890000 0.0 43.3792 -127.0829 14.0 3625 BK.BRIB 37.91886 -122.15179 1398460720 -0.053906961116 -0.0387825144006 -0.0302901505561 normal
132 2014-04-25T211829.890000 0.0 43.3792 -127.0829 14.0 3625 BK.BRIB 37.91886 -122.15179 1398460721 -0.0539073344837 -0.0387812542848 -0.0302895204981 normal
132 2014-04-25T211829.890000 0.0 43.3792 -127.0829 14.0 3625 BK.BRIB 37.91886 -122.15179 1398460722 -0.0539053743035 -0.038778920737 -0.030289123795 normal
132 2014-04-25T211829.890000 0.0 43.3792 -127.0829 14.0 3625 BK.BRIB 37.91886 -122.15179 1398460723 -0.0539044408844 -0.0387802508592 -0.0302901038851 normal
132 2014-04-25T211829.890000 0.0 43.3792 -127.0829 14.0 3625 BK.BRIB 37.91886 -122.15179 1398460724 -0.0539050476068 -0.0387794807884 -0.0302878636792 normal
132 2014-04-25T211829.890000 0.0 43.3792 -127.0829 14.0 3625 BK.BRIB 37.91886 -122.15179 1398460725 -0.0539084079157 -0.0387814176331 -0.0302900805496 normal
132 2014-04-25T211829.890000 0.0 43.3792 -127.0829 14.0 3625 BK.BRIB 37.91886 -122.15179 1398460726 -0.0539071011289 -0.038780974259 -0.0302900572141 normal
132 2014-04-25T211829.890000 0.0 43.3792 -127.0829 14.0 3625 BK.BRIB 37.91886 -122.15179 1398460727 -0.0539061677098 -0.038782631078 -0.0302894038208 normal
132 2014-04-25T211829.890000 0.0 43.3792 -127.0829 14.0 3625 BK.BRIB 37.91886 -122.15179 1398460728 -0.0539038108265 -0.0387802741947 -0.0302876303244 normal
132 2014-04-25T211829.890000 0.0 43.3792 -127.0829 14.0 3625 BK.BRIB 37.91886 -122.15179 1398460729 -0.0539058176776 -0.0387817910008 -0.0302887504274 normal
132 2014-04-25T211829.890000 0.0 43.3792 -127.0829 14.0 3625 BK.BRIB 37.91886 -122.15179 1398460730 -0.0539061910452 -0.0387798074851 -0.0302885637435 normal
132 2014-04-25T211829.890000 0.0 43.3792 -127.0829 14.0 3625 BK.BRIB 37.91886 -122.15179 1398460731 -0.0539069377805 -0.0387814643041 -0.0302894738272 normal
132 2014-04-25T211829.890000 0.0 43.3792 -127.0829 14.0 3625 BK.BRIB 37.91886 -122.15179 1398460732 -0.0539062610517 -0.0387800641754 -0.0302898005239 normal
132 2014-04-25T211829.890000 0.0 43.3792 -127.0829 14.0 3625 BK.BRIB 37.91886 -122.15179 1398460733 -0.0539042542006 -0.0387799708335 -0.0302877703373 normal
132 2014-04-25T211829.890000 0.0 43.3792 -127.0829 14.0 3625 BK.BRIB 37.91886 -122.15179 1398460734 -0.0539050242713 -0.0387813009557 -0.0302880736985 normal
132 2014-04-25T211829.890000 0.0 43.3792 -127.0829 14.0 3625 BK.BRIB 37.91886 -122.15179 1398460735 -0.0539071244644 -0.038782631078 -0.0302892871434 normal
132 2014-04-25T211829.890000 0.0 43.3792 -127.0829 14.0 3625 BK.BRIB 37.91886 -122.15179 1398460736 -0.0539060043614 -0.0387796674723 -0.0302885170726 normal
132 2014-04-25T211829.890000 0.0 43.3792 -127.0829 14.0 3625 BK.BRIB 37.91886 -122.15179 1398460737 -0.0539053276326 -0.0387796908077 -0.03028863375 normal
132 2014-04-25T211829.890000 0.0 43.3792 -127.0829 14.0 3625 BK.BRIB 37.91886 -122.15179 1398460738 -0.053904277536 -0.0387795741303 -0.0302884470662 normal
132 2014-04-25T211829.890000 0.0 43.3792 -127.0829 14.0 3625 BK.BRIB 37.91886 -122.15179 1398460739 -0.0539062143807 -0.0387799708335 -0.0302875836535 normal
132 2014-04-25T211829.890000 0.0 43.3792 -127.0829 14.0 3625 BK.BRIB 37.91886 -122.15179 1398460740 -0.0539056076583 -0.0387795507949 -0.0302883537242 normal
132 2014-04-25T211829.890000 0.0 43.3792 -127.0829 14.0 3625 BK.BRIB 37.91886 -122.15179 1398460741 -0.0539060977033 -0.0387806708978 -0.0302887504274 normal
132 2014-04-25T211829.890000 0.0 43.3792 -127.0829 14.0 3625 BK.BRIB 37.91886 -122.15179 1398460742 -0.0539065877484 -0.0387818143362 -0.0302894038208 normal
132 2014-04-25T211829.890000 0.0 43.3792 -127.0829 14.0 3625 BK.BRIB 37.91886 -122.15179 1398460743 -0.0539060510324 -0.0387802508592 -0.030287560318 normal
132 2014-04-25T211829.890000 0.0 43.3792 -127.0829 14.0 3625 BK.BRIB 37.91886 -122.15179 1398460744 -0.0539051409487 -0.038780437543 -0.0302883070533 normal
132 2014-04-25T211829.890000 0.0 43.3792 -127.0829 14.0 3625 BK.BRIB 37.91886 -122.15179 1398460745 -0.0539058176776 -0.0387814876395 -0.0302887270919 normal
132 2014-04-25T211829.890000 0.0 43.3792 -127.0829 14.0 3625 BK.BRIB 37.91886 -122.15179 1398460746 -0.0539068677741 -0.0387813009557 -0.0302892404724 normal
132 2014-04-25T211829.890000 0.0 43.3792 -127.0829 14.0 3625 BK.BRIB 37.91886 -122.15179 1398460747 -0.0539059110195 -0.0387803675366 -0.03028863375 normal
132 2014-04-25T211829.890000 0.0 43.3792 -127.0829 14.0 3625 BK.BRIB 37.91886 -122.15179 1398460748 -0.0539059810259 -0.0387796908077 -0.0302886104145 normal
132 2014-04-25T211829.890000 0.0 43.3792 -127.0829 14.0 3625 BK.BRIB 37.91886 -122.15179 1398460749 -0.0539048375875 -0.0387800408399 -0.0302875836535 normal
132 2014-04-25T211829.890000 0.0 43.3792 -127.0829 14.0 3625 BK.BRIB 37.91886 -122.15179 1398460750 -0.053907007787 -0.0387818843427 -0.0302893571498 normal
132 2014-04-25T211829.890000 0.0 43.3792 -127.0829 14.0 3625 BK.BRIB 37.91886 -122.15179 1398460751 -0.0539055609873 -0.038777847305 -0.0302879103502 normal
132 2014-04-25T211829.890000 0.0 43.3792 -127.0829 14.0 3625 BK.BRIB 37.91886 -122.15179 1398460752 -0.0539056076583 -0.0387806475623 -0.0302886570855 normal
132 2014-04-25T211829.890000 0.0 43.3792 -127.0829 14.0 3625 BK.BRIB 37.91886 -122.15179 1398460753 -0.0539056076583 -0.0387806242269 -0.030288097034 normal
132 2014-04-25T211829.890000 0.0 43.3792 -127.0829 14.0 3625 BK.BRIB 37.91886 -122.15179 1398460754 -0.0539062610517 -0.0387797374787 -0.0302882603823 normal
132 2014-04-25T211829.890000 0.0 43.3792 -127.0829 14.0 3625 BK.BRIB 37.91886 -122.15179 1398460755 -0.053904860923 -0.0387787807241 -0.0302869535956 normal
132 2014-04-25T211829.890000 0.0 43.3792 -127.0829 14.0 3625 BK.BRIB 37.91886 -122.15179 1398460756 -0.0539080578835 -0.0387843812388 -0.0302899172013 normal
132 2014-04-25T211829.890000 0.0 43.3792 -127.0829 14.0 3625 BK.BRIB 37.91886 -122.15179 1398460757 -0.053907497832 -0.0387833078068 -0.0302899638722 normal
132 2014-04-25T211829.890000 0.0 43.3792 -127.0829 14.0 3625 BK.BRIB 37.91886 -122.15179 1398460758 -0.0539062843872 -0.0387795741303 -0.0302898705303 normal
132 2014-04-25T211829.890000 0.0 43.3792 -127.0829 14.0 3625 BK.BRIB 37.91886 -122.15179 1398460759 -0.0539043008715 -0.0387787573886 -0.0302879336856 normal
132 2014-04-25T211829.890000 0.0 43.3792 -127.0829 14.0 3625 BK.BRIB 37.91886 -122.15179 1398460760 -0.0539052109552 -0.0387792240982 -0.0302871869503 normal
132 2014-04-25T211829.890000 0.0 43.3792 -127.0829 14.0 3625 BK.BRIB 37.91886 -122.15179 1398460761 -0.0539064944065 -0.0387803208656 -0.0302872336213 normal
132 2014-04-25T211829.890000 0.0 43.3792 -127.0829 14.0 3625 BK.BRIB 37.91886 -122.15179 1398460762 -0.0539051642842 -0.0387781973371 -0.0302872336213 normal
132 2014-04-25T211829.890000 0.0 43.3792 -127.0829 14.0 3625 BK.BRIB 37.91886 -122.15179 1398460763 -0.0539057710066 -0.0387786873822 -0.0302856701443 normal
132 2014-04-25T211829.890000 0.0 43.3792 -127.0829 14.0 3625 BK.BRIB 37.91886 -122.15179 1398460764 -0.0539060276969 -0.0387809275881 -0.0302884470662 normal
132 2014-04-25T211829.890000 0.0 43.3792 -127.0829 14.0 3625 BK.BRIB 37.91886 -122.15179 1398460765 -0.053905350968 -0.0387798774916 -0.0302883770597 normal
132 2014-04-25T211829.890000 0.0 43.3792 -127.0829 14.0 3625 BK.BRIB 37.91886 -122.15179 1398460766 -0.0539060510324 -0.0387812076138 -0.0302884237307 normal
132 2014-04-25T211829.890000 0.0 43.3792 -127.0829 14.0 3625 BK.BRIB 37.91886 -122.15179 1398460767 -0.0539041608587 -0.0387781506662 -0.0302856234733 normal
132 2014-04-25T211829.890000 0.0 43.3792 -127.0829 14.0 3625 BK.BRIB 37.91886 -122.15179 1398460768 -0.0539061677098 -0.0387824443941 -0.0302876769954 normal
133 2014-04-25T211829.890000 1.0 43.3792 -127.0829 14.0 3831 BK.BRIB 37.91886 -122.15179 1398460709 -0.0539054209745 -0.0387799708335 -0.0302868369182 normal
133 2014-04-25T211829.890000 1.0 43.3792 -127.0829 14.0 3831 BK.BRIB 37.91886 -122.15179 1398460710 -0.0539064244 -0.0387815809815 -0.0302879103502 normal
133 2014-04-25T211829.890000 1.0 43.3792 -127.0829 14.0 3831 BK.BRIB 37.91886 -122.15179 1398460711 -0.0539036941491 -0.0387797608142 -0.0302868135827 normal
133 2014-04-25T211829.890000 1.0 43.3792 -127.0829 14.0 3831 BK.BRIB 37.91886 -122.15179 1398460712 -0.0539049309294 -0.0387809975945 -0.0302871636149 normal
133 2014-04-25T211829.890000 1.0 43.3792 -127.0829 14.0 3831 BK.BRIB 37.91886 -122.15179 1398460713 -0.0539045575618 -0.038779410782 -0.0302859034991 normal
133 2014-04-25T211829.890000 1.0 43.3792 -127.0829 14.0 3831 BK.BRIB 37.91886 -122.15179 1398460714 -0.0539046042327 -0.0387787807241 -0.0302862301957 normal
133 2014-04-25T211829.890000 1.0 43.3792 -127.0829 14.0 3831 BK.BRIB 37.91886 -122.15179 1398460715 -0.0539057243357 -0.038780437543 -0.0302869535956 normal
133 2014-04-25T211829.890000 1.0 43.3792 -127.0829 14.0 3831 BK.BRIB 37.91886 -122.15179 1398460716 -0.0539040908522 -0.0387770538987 -0.0302854834604 normal
133 2014-04-25T211829.890000 1.0 43.3792 -127.0829 14.0 3831 BK.BRIB 37.91886 -122.15179 1398460717 -0.053903297446 -0.0387794807884 -0.0302859735055 normal
133 2014-04-25T211829.890000 1.0 43.3792 -127.0829 14.0 3831 BK.BRIB 37.91886 -122.15179 1398460718 -0.0539051642842 -0.0387822110394 -0.030287023602 normal
133 2014-04-25T211829.890000 1.0 43.3792 -127.0829 14.0 3831 BK.BRIB 37.91886 -122.15179 1398460719 -0.0539052342906 -0.0387811609429 -0.0302886104145 normal
133 2014-04-25T211829.890000 1.0 43.3792 -127.0829 14.0 3831 BK.BRIB 37.91886 -122.15179 1398460720 -0.0539060043614 -0.0387805775559 -0.0302871869503 normal
133 2014-04-25T211829.890000 1.0 43.3792 -127.0829 14.0 3831 BK.BRIB 37.91886 -122.15179 1398460721 -0.0539042308651 -0.038779364111 -0.0302861135184 normal
133 2014-04-25T211829.890000 1.0 43.3792 -127.0829 14.0 3831 BK.BRIB 37.91886 -122.15179 1398460722 -0.0539043942134 -0.0387801341818 -0.03028595017 normal
133 2014-04-25T211829.890000 1.0 43.3792 -127.0829 14.0 3831 BK.BRIB 37.91886 -122.15179 1398460723 -0.0539054209745 -0.0387802508592 -0.0302864635505 normal
133 2014-04-25T211829.890000 1.0 43.3792 -127.0829 14.0 3831 BK.BRIB 37.91886 -122.15179 1398460724 -0.0539051176133 -0.0387805308849 -0.030287023602 normal
133 2014-04-25T211829.890000 1.0 43.3792 -127.0829 14.0 3831 BK.BRIB 37.91886 -122.15179 1398460725 -0.0539058643486 -0.0387813242912 -0.0302870469375 normal
133 2014-04-25T211829.890000 1.0 43.3792 -127.0829 14.0 3831 BK.BRIB 37.91886 -122.15179 1398460726 -0.0539042075296 -0.038781557646 -0.0302868135827 normal
133 2014-04-25T211829.890000 1.0 43.3792 -127.0829 14.0 3831 BK.BRIB 37.91886 -122.15179 1398460727 -0.0539043942134 -0.0387803208656 -0.0302853901185 normal
133 2014-04-25T211829.890000 1.0 43.3792 -127.0829 14.0 3831 BK.BRIB 37.91886 -122.15179 1398460728 -0.053904370878 -0.0387798541561 -0.0302845733768 normal
133 2014-04-25T211829.890000 1.0 43.3792 -127.0829 14.0 3831 BK.BRIB 37.91886 -122.15179 1398460729 -0.0539045575618 -0.0387794807884 -0.0302868835891 normal
133 2014-04-25T211829.890000 1.0 43.3792 -127.0829 14.0 3831 BK.BRIB 37.91886 -122.15179 1398460730 -0.0539050709423 -0.0387823277168 -0.0302880036921 normal
133 2014-04-25T211829.890000 1.0 43.3792 -127.0829 14.0 3831 BK.BRIB 37.91886 -122.15179 1398460731 -0.0539035541362 -0.0387802275237 -0.0302853901185 normal
133 2014-04-25T211829.890000 1.0 43.3792 -127.0829 14.0 3831 BK.BRIB 37.91886 -122.15179 1398460732 -0.0539036008072 -0.038777263918 -0.0302836632932 normal
133 2014-04-25T211829.890000 1.0 43.3792 -127.0829 14.0 3831 BK.BRIB 37.91886 -122.15179 1398460733 -0.0539059110195 -0.0387811142719 -0.0302862535312 normal
133 2014-04-25T211829.890000 1.0 43.3792 -127.0829 14.0 3831 BK.BRIB 37.91886 -122.15179 1398460734 -0.0539041608587 -0.038781557646 -0.0302870002665 normal
133 2014-04-25T211829.890000 1.0 43.3792 -127.0829 14.0 3831 BK.BRIB 37.91886 -122.15179 1398460735 -0.0539027373945 -0.038779900827 -0.0302869535956 normal
133 2014-04-25T211829.890000 1.0 43.3792 -127.0829 14.0 3831 BK.BRIB 37.91886 -122.15179 1398460736 -0.0539040441813 -0.0387779873178 -0.0302851567638 normal
133 2014-04-25T211829.890000 1.0 43.3792 -127.0829 14.0 3831 BK.BRIB 37.91886 -122.15179 1398460737 -0.0539029940848 -0.0387782673436 -0.0302842466801 normal
133 2014-04-25T211829.890000 1.0 43.3792 -127.0829 14.0 3831 BK.BRIB 37.91886 -122.15179 1398460738 -0.053904814252 -0.0387815809815 -0.0302857868217 normal
133 2014-04-25T211829.890000 1.0 43.3792 -127.0829 14.0 3831 BK.BRIB 37.91886 -122.15179 1398460739 -0.0539060043614 -0.0387813242912 -0.0302865102215 normal
133 2014-04-25T211829.890000 1.0 43.3792 -127.0829 14.0 3831 BK.BRIB 37.91886 -122.15179 1398460740 -0.0539031807686 -0.0387776372857 -0.0302856701443 normal
133 2014-04-25T211829.890000 1.0 43.3792 -127.0829 14.0 3831 BK.BRIB 37.91886 -122.15179 1398460741 -0.0539032274395 -0.0387798774916 -0.030286440215 normal
133 2014-04-25T211829.890000 1.0 43.3792 -127.0829 14.0 3831 BK.BRIB 37.91886 -122.15179 1398460742 -0.0539037408201 -0.0387792474337 -0.0302863468731 normal
133 2014-04-25T211829.890000 1.0 43.3792 -127.0829 14.0 3831 BK.BRIB 37.91886 -122.15179 1398460743 -0.0539058410131 -0.0387814876395 -0.030285996841 normal
133 2014-04-25T211829.890000 1.0 43.3792 -127.0829 14.0 3831 BK.BRIB 37.91886 -122.15179 1398460744 -0.0539053743035 -0.0387812542848 -0.0302871869503 normal
133 2014-04-25T211829.890000 1.0 43.3792 -127.0829 14.0 3831 BK.BRIB 37.91886 -122.15179 1398460745 -0.0539033907879 -0.038779410782 -0.0302856001378 normal
133 2014-04-25T211829.890000 1.0 43.3792 -127.0829 14.0 3831 BK.BRIB 37.91886 -122.15179 1398460746 -0.0539039975103 -0.038779900827 -0.0302855534669 normal
133 2014-04-25T211829.890000 1.0 43.3792 -127.0829 14.0 3831 BK.BRIB 37.91886 -122.15179 1398460747 -0.0539042542006 -0.0387786873822 -0.0302853667831 normal
133 2014-04-25T211829.890000 1.0 43.3792 -127.0829 14.0 3831 BK.BRIB 37.91886 -122.15179 1398460748 -0.0539039275039 -0.0387791307563 -0.0302853901185 normal
133 2014-04-25T211829.890000 1.0 43.3792 -127.0829 14.0 3831 BK.BRIB 37.91886 -122.15179 1398460749 -0.0539046975747 -0.0387793407756 -0.0302851567638 normal
133 2014-04-25T211829.890000 1.0 43.3792 -127.0829 14.0 3831 BK.BRIB 37.91886 -122.15179 1398460750 -0.0539041375232 -0.0387810909364 -0.0302873502987 normal
133 2014-04-25T211829.890000 1.0 43.3792 -127.0829 14.0 3831 BK.BRIB 37.91886 -122.15179 1398460751 -0.0539029940848 -0.0387781506662 -0.0302855768024 normal
133 2014-04-25T211829.890000 1.0 43.3792 -127.0829 14.0 3831 BK.BRIB 37.91886 -122.15179 1398460752 -0.0539048842585 -0.0387794807884 -0.0302849000735 normal
133 2014-04-25T211829.890000 1.0 43.3792 -127.0829 14.0 3831 BK.BRIB 37.91886 -122.15179 1398460753 -0.0539046509037 -0.0387791074208 -0.0302865568924 normal
133 2014-04-25T211829.890000 1.0 43.3792 -127.0829 14.0 3831 BK.BRIB 37.91886 -122.15179 1398460754 -0.0539030874267 -0.0387794341175 -0.0302839666544 normal
133 2014-04-25T211829.890000 1.0 43.3792 -127.0829 14.0 3831 BK.BRIB 37.91886 -122.15179 1398460755 -0.0539050242713 -0.0387824210587 -0.0302865102215 normal
133 2014-04-25T211829.890000 1.0 43.3792 -127.0829 14.0 3831 BK.BRIB 37.91886 -122.15179 1398460756 -0.0539066810903 -0.0387823510522 -0.0302868135827 normal
133 2014-04-25T211829.890000 1.0 43.3792 -127.0829 14.0 3831 BK.BRIB 37.91886 -122.15179 1398460757 -0.0539048842585 -0.0387797374787 -0.0302852734411 normal
133 2014-04-25T211829.890000 1.0 43.3792 -127.0829 14.0 3831 BK.BRIB 37.91886 -122.15179 1398460758 -0.053904860923 -0.0387806942333 -0.0302867902472 normal
133 2014-04-25T211829.890000 1.0 43.3792 -127.0829 14.0 3831 BK.BRIB 37.91886 -122.15179 1398460759 -0.0539033674524 -0.0387808109107 -0.0302857401507 normal
133 2014-04-25T211829.890000 1.0 43.3792 -127.0829 14.0 3831 BK.BRIB 37.91886 -122.15179 1398460760 -0.0539047675811 -0.0387816743234 -0.0302863002022 normal
133 2014-04-25T211829.890000 1.0 43.3792 -127.0829 14.0 3831 BK.BRIB 37.91886 -122.15179 1398460761 -0.053903787491 -0.0387795974658 -0.0302853434476 normal
133 2014-04-25T211829.890000 1.0 43.3792 -127.0829 14.0 3831 BK.BRIB 37.91886 -122.15179 1398460762 -0.0539070311225 -0.0387813242912 -0.0302859268345 normal
133 2014-04-25T211829.890000 1.0 43.3792 -127.0829 14.0 3831 BK.BRIB 37.91886 -122.15179 1398460763 -0.0539047909166 -0.038778920737 -0.0302860435119 normal
133 2014-04-25T211829.890000 1.0 43.3792 -127.0829 14.0 3831 BK.BRIB 37.91886 -122.15179 1398460764 -0.0539028074009 -0.0387800175044 -0.0302857401507 normal
133 2014-04-25T211829.890000 1.0 43.3792 -127.0829 14.0 3831 BK.BRIB 37.91886 -122.15179 1398460765 -0.053904324207 -0.0387801575173 -0.030284340022 normal
133 2014-04-25T211829.890000 1.0 43.3792 -127.0829 14.0 3831 BK.BRIB 37.91886 -122.15179 1398460766 -0.0539037174846 -0.0387797841497 -0.0302851567638 normal
133 2014-04-25T211829.890000 1.0 43.3792 -127.0829 14.0 3831 BK.BRIB 37.91886 -122.15179 1398460767 -0.0539047442456 -0.0387817910008 -0.0302869302601 normal
133 2014-04-25T211829.890000 1.0 43.3792 -127.0829 14.0 3831 BK.BRIB 37.91886 -122.15179 1398460768 -0.0539039041684 -0.0387788040596 -0.0302856468088 normal
134 2014-04-25T211829.890000 5.0 43.3792 -127.0829 14.0 4037 BK.BRIB 37.91886 -122.15179 1398460709 -0.0538998437952 -0.0387809975945 -0.0302805830101 medium
134 2014-04-25T211829.890000 5.0 43.3792 -127.0829 14.0 4037 BK.BRIB 37.91886 -122.15179 1398460710 -0.0539013606013 -0.0387806708978 -0.0302807230229 medium
134 2014-04-25T211829.890000 5.0 43.3792 -127.0829 14.0 4037 BK.BRIB 37.91886 -122.15179 1398460711 -0.0538998204597 -0.038780484214 -0.0302804196617 medium
134 2014-04-25T211829.890000 5.0 43.3792 -127.0829 14.0 4037 BK.BRIB 37.91886 -122.15179 1398460712 -0.0539010805756 -0.0387826077425 -0.0302785994944 medium
134 2014-04-25T211829.890000 5.0 43.3792 -127.0829 14.0 4037 BK.BRIB 37.91886 -122.15179 1398460713 -0.0539014772787 -0.0387821877039 -0.0302805596746 medium
134 2014-04-25T211829.890000 5.0 43.3792 -127.0829 14.0 4037 BK.BRIB 37.91886 -122.15179 1398460714 -0.0539000538145 -0.0387814643041 -0.0302800462941 medium
134 2014-04-25T211829.890000 5.0 43.3792 -127.0829 14.0 4037 BK.BRIB 37.91886 -122.15179 1398460715 -0.0539005205241 -0.038781510975 -0.0302806063455 medium
134 2014-04-25T211829.890000 5.0 43.3792 -127.0829 14.0 4037 BK.BRIB 37.91886 -122.15179 1398460716 -0.0539009172272 -0.0387814643041 -0.0302799062812 medium
134 2014-04-25T211829.890000 5.0 43.3792 -127.0829 14.0 4037 BK.BRIB 37.91886 -122.15179 1398460717 -0.0538996804469 -0.03878102093 -0.0302793695652 medium
134 2014-04-25T211829.890000 5.0 43.3792 -127.0829 14.0 4037 BK.BRIB 37.91886 -122.15179 1398460718 -0.0539003105048 -0.0387792240982 -0.030277946101 medium
134 2014-04-25T211829.890000 5.0 43.3792 -127.0829 14.0 4037 BK.BRIB 37.91886 -122.15179 1398460719 -0.0538993770857 -0.0387806475623 -0.0302786461654 medium
134 2014-04-25T211829.890000 5.0 43.3792 -127.0829 14.0 4037 BK.BRIB 37.91886 -122.15179 1398460720 -0.0539002171629 -0.0387829577747 -0.0302788095137 medium
134 2014-04-25T211829.890000 5.0 43.3792 -127.0829 14.0 4037 BK.BRIB 37.91886 -122.15179 1398460721 -0.0538999371371 -0.0387808809171 -0.0302794862426 medium
134 2014-04-25T211829.890000 5.0 43.3792 -127.0829 14.0 4037 BK.BRIB 37.91886 -122.15179 1398460722 -0.053900613866 -0.0387823977232 -0.0302799062812 medium
134 2014-04-25T211829.890000 5.0 43.3792 -127.0829 14.0 4037 BK.BRIB 37.91886 -122.15179 1398460723 -0.0539006838724 -0.0387823977232 -0.0302803029843 medium
134 2014-04-25T211829.890000 5.0 43.3792 -127.0829 14.0 4037 BK.BRIB 37.91886 -122.15179 1398460724 -0.0539009405627 -0.0387842178905 -0.030280629681 medium
134 2014-04-25T211829.890000 5.0 43.3792 -127.0829 14.0 4037 BK.BRIB 37.91886 -122.15179 1398460725 -0.0539015006142 -0.038782094362 -0.0302802096424 medium
134 2014-04-25T211829.890000 5.0 43.3792 -127.0829 14.0 4037 BK.BRIB 37.91886 -122.15179 1398460726 -0.0539006838724 -0.0387828644328 -0.0302824498483 medium
134 2014-04-25T211829.890000 5.0 43.3792 -127.0829 14.0 4037 BK.BRIB 37.91886 -122.15179 1398460727 -0.0539012905949 -0.0387826544134 -0.0302802329779 medium
134 2014-04-25T211829.890000 5.0 43.3792 -127.0829 14.0 4037 BK.BRIB 37.91886 -122.15179 1398460728 -0.0539009872336 -0.0387813242912 -0.0302798362748 medium
134 2014-04-25T211829.890000 5.0 43.3792 -127.0829 14.0 4037 BK.BRIB 37.91886 -122.15179 1398460729 -0.0539011739175 -0.0387823043813 -0.0302803729908 medium
134 2014-04-25T211829.890000 5.0 43.3792 -127.0829 14.0 4037 BK.BRIB 37.91886 -122.15179 1398460730 -0.0539012439239 -0.0387820243555 -0.0302807230229 medium
134 2014-04-25T211829.890000 5.0 43.3792 -127.0829 14.0 4037 BK.BRIB 37.91886 -122.15179 1398460731 -0.0538997271178 -0.0387792707691 -0.0302812597389 medium
134 2014-04-25T211829.890000 5.0 43.3792 -127.0829 14.0 4037 BK.BRIB 37.91886 -122.15179 1398460732 -0.0538996804469 -0.0387785707048 -0.0302797662683 medium
134 2014-04-25T211829.890000 5.0 43.3792 -127.0829 14.0 4037 BK.BRIB 37.91886 -122.15179 1398460733 -0.0539008238853 -0.0387819076782 -0.0302805363391 medium
134 2014-04-25T211829.890000 5.0 43.3792 -127.0829 14.0 4037 BK.BRIB 37.91886 -122.15179 1398460734 -0.0539003571757 -0.0387815343105 -0.0302794862426 medium
134 2014-04-25T211829.890000 5.0 43.3792 -127.0829 14.0 4037 BK.BRIB 37.91886 -122.15179 1398460735 -0.0539018973173 -0.0387816509879 -0.0302806063455 medium
134 2014-04-25T211829.890000 5.0 43.3792 -127.0829 14.0 4037 BK.BRIB 37.91886 -122.15179 1398460736 -0.053900613866 -0.0387805308849 -0.0302805830101 medium
134 2014-04-25T211829.890000 5.0 43.3792 -127.0829 14.0 4037 BK.BRIB 37.91886 -122.15179 1398460737 -0.0538991203954 -0.0387800408399 -0.0302791128749 medium
134 2014-04-25T211829.890000 5.0 43.3792 -127.0829 14.0 4037 BK.BRIB 37.91886 -122.15179 1398460738 -0.0538997504533 -0.0387829577747 -0.0302794395716 medium
134 2014-04-25T211829.890000 5.0 43.3792 -127.0829 14.0 4037 BK.BRIB 37.91886 -122.15179 1398460739 -0.053900613866 -0.0387832144649 -0.0302809797132 medium
134 2014-04-25T211829.890000 5.0 43.3792 -127.0829 14.0 4037 BK.BRIB 37.91886 -122.15179 1398460740 -0.0539007772143 -0.038781557646 -0.0302804896681 medium
134 2014-04-25T211829.890000 5.0 43.3792 -127.0829 14.0 4037 BK.BRIB 37.91886 -122.15179 1398460741 -0.0539004271822 -0.0387794341175 -0.0302811430615 medium
134 2014-04-25T211829.890000 5.0 43.3792 -127.0829 14.0 4037 BK.BRIB 37.91886 -122.15179 1398460742 -0.0539007538789 -0.0387817443298 -0.0302809097068 medium
134 2014-04-25T211829.890000 5.0 43.3792 -127.0829 14.0 4037 BK.BRIB 37.91886 -122.15179 1398460743 -0.0539001938274 -0.0387813476267 -0.0302784594816 medium
134 2014-04-25T211829.890000 5.0 43.3792 -127.0829 14.0 4037 BK.BRIB 37.91886 -122.15179 1398460744 -0.0539001471564 -0.0387814176331 -0.0302805363391 medium
134 2014-04-25T211829.890000 5.0 43.3792 -127.0829 14.0 4037 BK.BRIB 37.91886 -122.15179 1398460745 -0.0539001471564 -0.0387818610072 -0.0302819831387 medium
134 2014-04-25T211829.890000 5.0 43.3792 -127.0829 14.0 4037 BK.BRIB 37.91886 -122.15179 1398460746 -0.0538996804469 -0.0387797841497 -0.0302799062812 medium
134 2014-04-25T211829.890000 5.0 43.3792 -127.0829 14.0 4037 BK.BRIB 37.91886 -122.15179 1398460747 -0.0538999838081 -0.0387822810458 -0.03027960292 medium
134 2014-04-25T211829.890000 5.0 43.3792 -127.0829 14.0 4037 BK.BRIB 37.91886 -122.15179 1398460748 -0.0539002171629 -0.0387827010844 -0.0302801629715 medium
134 2014-04-25T211829.890000 5.0 43.3792 -127.0829 14.0 4037 BK.BRIB 37.91886 -122.15179 1398460749 -0.053900030479 -0.0387790374144 -0.030279066204 medium
134 2014-04-25T211829.890000 5.0 43.3792 -127.0829 14.0 4037 BK.BRIB 37.91886 -122.15179 1398460750 -0.0539009872336 -0.0387829577747 -0.0302810263841 medium
134 2014-04-25T211829.890000 5.0 43.3792 -127.0829 14.0 4037 BK.BRIB 37.91886 -122.15179 1398460751 -0.053899587105 -0.0387815343105 -0.0302794629071 medium
134 2014-04-25T211829.890000 5.0 43.3792 -127.0829 14.0 4037 BK.BRIB 37.91886 -122.15179 1398460752 -0.0538998437952 -0.0387830511166 -0.0302809097068 medium
134 2014-04-25T211829.890000 5.0 43.3792 -127.0829 14.0 4037 BK.BRIB 37.91886 -122.15179 1398460753 -0.0538999838081 -0.0387811842783 -0.0302793929007 medium
134 2014-04-25T211829.890000 5.0 43.3792 -127.0829 14.0 4037 BK.BRIB 37.91886 -122.15179 1398460754 -0.0538985836794 -0.0387796674723 -0.030279066204 medium
134 2014-04-25T211829.890000 5.0 43.3792 -127.0829 14.0 4037 BK.BRIB 37.91886 -122.15179 1398460755 -0.0539004971886 -0.0387821176975 -0.03027960292 medium
134 2014-04-25T211829.890000 5.0 43.3792 -127.0829 14.0 4037 BK.BRIB 37.91886 -122.15179 1398460756 -0.053900660537 -0.0387824210587 -0.0302799062812 medium
134 2014-04-25T211829.890000 5.0 43.3792 -127.0829 14.0 4037 BK.BRIB 37.91886 -122.15179 1398460757 -0.0538998671307 -0.0387812309493 -0.030278529488 medium
134 2014-04-25T211829.890000 5.0 43.3792 -127.0829 14.0 4037 BK.BRIB 37.91886 -122.15179 1398460758 -0.0538996337759 -0.0387797608142 -0.0302787161718 medium
134 2014-04-25T211829.890000 5.0 43.3792 -127.0829 14.0 4037 BK.BRIB 37.91886 -122.15179 1398460759 -0.0539015706206 -0.0387827244199 -0.0302797662683 medium
134 2014-04-25T211829.890000 5.0 43.3792 -127.0829 14.0 4037 BK.BRIB 37.91886 -122.15179 1398460760 -0.053900123821 -0.038784194555 -0.0302810963906 medium
134 2014-04-25T211829.890000 5.0 43.3792 -127.0829 14.0 4037 BK.BRIB 37.91886 -122.15179 1398460761 -0.0539002871693 -0.0387811609429 -0.0302805830101 medium
134 2014-04-25T211829.890000 5.0 43.3792 -127.0829 14.0 4037 BK.BRIB 37.91886 -122.15179 1398460762 -0.0538994704276 -0.0387818376717 -0.0302793695652 medium
134 2014-04-25T211829.890000 5.0 43.3792 -127.0829 14.0 4037 BK.BRIB 37.91886 -122.15179 1398460763 -0.0539004738531 -0.0387806242269 -0.0302791128749 medium
134 2014-04-25T211829.890000 5.0 43.3792 -127.0829 14.0 4037 BK.BRIB 37.91886 -122.15179 1398460764 -0.0538990970599 -0.0387805542204 -0.0302776660753 medium
134 2014-04-25T211829.890000 5.0 43.3792 -127.0829 14.0 4037 BK.BRIB 37.91886 -122.15179 1398460765 -0.053901687298 -0.0387832611359 -0.0302795095781 medium
134 2014-04-25T211829.890000 5.0 43.3792 -127.0829 14.0 4037 BK.BRIB 37.91886 -122.15179 1398460766 -0.0539000071436 -0.0387808342462 -0.0302803729908 medium
134 2014-04-25T211829.890000 5.0 43.3792 -127.0829 14.0 4037 BK.BRIB 37.91886 -122.15179 1398460767 -0.0538997737888 -0.0387815343105 -0.0302791595459 medium
134 2014-04-25T211829.890000 5.0 43.3792 -127.0829 14.0 4037 BK.BRIB 37.91886 -122.15179 1398460768 -0.0538992837437 -0.0387809509236 -0.0302786695009 medium
142 2014-08-24T102044 6.1 38.215 -122.31 11.0 4423 BK.BRIB 37.91886 -122.15179 1408875644 -0.0660504171897 -0.024970408299 -0.0382387277559 large
142 2014-08-24T102044 6.1 38.215 -122.31 11.0 4423 BK.BRIB 37.91886 -122.15179 1408875645 -0.0657273374962 -0.0243515047505 -0.0387222388608 large
142 2014-08-24T102044 6.1 38.215 -122.31 11.0 4423 BK.BRIB 37.91886 -122.15179 1408875646 -0.0662930361548 -0.0246955397032 -0.0394783083492 large
142 2014-08-24T102044 6.1 38.215 -122.31 11.0 4423 BK.BRIB 37.91886 -122.15179 1408875647 -0.0668395997214 -0.0258928597458 -0.036475919074 large
142 2014-08-24T102044 6.1 38.215 -122.31 11.0 4423 BK.BRIB 37.91886 -122.15179 1408875648 -0.0656857070034 -0.0249699415894 -0.0371847342194 large
142 2014-08-24T102044 6.1 38.215 -122.31 11.0 4423 BK.BRIB 37.91886 -122.15179 1408875649 -0.064469111856 -0.0231725730646 -0.0406963269608 large
142 2014-08-24T102044 6.1 38.215 -122.31 11.0 4423 BK.BRIB 37.91886 -122.15179 1408875650 -0.0677148901671 -0.0261666315741 -0.040311524928 large
142 2014-08-24T102044 6.1 38.215 -122.31 11.0 4423 BK.BRIB 37.91886 -122.15179 1408875651 -0.0591568836228 -0.0180013377897 -0.0373175130894 large
142 2014-08-24T102044 6.1 38.215 -122.31 11.0 4423 BK.BRIB 37.91886 -122.15179 1408875652 -0.0705648054287 -0.0270185865417 -0.0358169485098 large
142 2014-08-24T102044 6.1 38.215 -122.31 11.0 4423 BK.BRIB 37.91886 -122.15179 1408875653 -0.0661762887582 -0.0361650905066 -0.0410576301673 large
142 2014-08-24T102044 6.1 38.215 -122.31 11.0 4423 BK.BRIB 37.91886 -122.15179 1408875654 -0.0589625224263 -0.0170032093877 -0.0376395893573 large
142 2014-08-24T102044 6.1 38.215 -122.31 11.0 4423 BK.BRIB 37.91886 -122.15179 1408875655 -0.0813415725602 -0.0166862435895 -0.0390783149202 large
142 2014-08-24T102044 6.1 38.215 -122.31 11.0 4423 BK.BRIB 37.91886 -122.15179 1408875656 -0.0556538550019 -0.0389895234262 -0.0364868867487 large
142 2014-08-24T102044 6.1 38.215 -122.31 11.0 4423 BK.BRIB 37.91886 -122.15179 1408875657 -0.0739644345465 -0.0237735549659 -0.0377466291951 large
142 2014-08-24T102044 6.1 38.215 -122.31 11.0 4423 BK.BRIB 37.91886 -122.15179 1408875658 -0.0679722804898 -0.0173112143623 -0.0437432169926 large
142 2014-08-24T102044 6.1 38.215 -122.31 11.0 4423 BK.BRIB 37.91886 -122.15179 1408875659 -0.0629083884139 -0.0296690068017 -0.0328476722779 large
142 2014-08-24T102044 6.1 38.215 -122.31 11.0 4423 BK.BRIB 37.91886 -122.15179 1408875660 -0.0627459968223 -0.0284489113325 -0.037657440998 large
142 2014-08-24T102044 6.1 38.215 -122.31 11.0 4423 BK.BRIB 37.91886 -122.15179 1408875661 -0.0623076632028 -0.0239018534242 -0.0399680966977 large
142 2014-08-24T102044 6.1 38.215 -122.31 11.0 4423 BK.BRIB 37.91886 -122.15179 1408875662 -0.0675053142388 -0.0183472862516 -0.0409944376927 large
142 2014-08-24T102044 6.1 38.215 -122.31 11.0 4423 BK.BRIB 37.91886 -122.15179 1408875663 -0.0588084616003 -0.0295184229619 -0.0382792148103 large
142 2014-08-24T102044 6.1 38.215 -122.31 11.0 4423 BK.BRIB 37.91886 -122.15179 1408875664 -0.0719317510612 -0.0149911311294 -0.0393352151979 large
142 2014-08-24T102044 6.1 38.215 -122.31 11.0 4423 BK.BRIB 37.91886 -122.15179 1408875665 -0.0629607065557 -0.0231335561453 -0.0392732828392 large
142 2014-08-24T102044 6.1 38.215 -122.31 11.0 4423 BK.BRIB 37.91886 -122.15179 1408875666 -0.0680950017688 -0.0341810614929 -0.0361107421782 large
142 2014-08-24T102044 6.1 38.215 -122.31 11.0 4423 BK.BRIB 37.91886 -122.15179 1408875667 -0.0695614965505 -0.025779962703 -0.0362206522798 large
142 2014-08-24T102044 6.1 38.215 -122.31 11.0 4423 BK.BRIB 37.91886 -122.15179 1408875668 -0.0714740256595 -0.0197788478227 -0.0371305492394 large
142 2014-08-24T102044 6.1 38.215 -122.31 11.0 4423 BK.BRIB 37.91886 -122.15179 1408875669 -0.0628668045921 -0.0299216833579 -0.045171324913 large
142 2014-08-24T102044 6.1 38.215 -122.31 11.0 4423 BK.BRIB 37.91886 -122.15179 1408875670 -0.0602630086172 -0.0207791930952 -0.0328738546843 large
142 2014-08-24T102044 6.1 38.215 -122.31 11.0 4423 BK.BRIB 37.91886 -122.15179 1408875671 -0.0680927615629 -0.0218293596133 -0.0392301355403 large
142 2014-08-24T102044 6.1 38.215 -122.31 11.0 4423 BK.BRIB 37.91886 -122.15179 1408875672 -0.0651215018155 -0.0240262781931 -0.0411104383541 large
142 2014-08-24T102044 6.1 38.215 -122.31 11.0 4423 BK.BRIB 37.91886 -122.15179 1408875673 -0.0669981876301 -0.0271734874449 -0.037100166447 large
142 2014-08-24T102044 6.1 38.215 -122.31 11.0 4423 BK.BRIB 37.91886 -122.15179 1408875674 -0.0660873572514 -0.0306146770491 -0.0365793885837 large
142 2014-08-24T102044 6.1 38.215 -122.31 11.0 4423 BK.BRIB 37.91886 -122.15179 1408875675 -0.0687873887376 -0.0236985547395 -0.0411909924242 large
142 2014-08-24T102044 6.1 38.215 -122.31 11.0 4423 BK.BRIB 37.91886 -122.15179 1408875676 -0.0630190685863 -0.018065837051 -0.0385635809456 large
142 2014-08-24T102044 6.1 38.215 -122.31 11.0 4423 BK.BRIB 37.91886 -122.15179 1408875677 -0.067957695816 -0.0272358398423 -0.0336856726297 large
142 2014-08-24T102044 6.1 38.215 -122.31 11.0 4423 BK.BRIB 37.91886 -122.15179 1408875678 -0.061782078231 -0.0245020652548 -0.0445766669262 large
142 2014-08-24T102044 6.1 38.215 -122.31 11.0 4423 BK.BRIB 37.91886 -122.15179 1408875679 -0.0653336679818 -0.0238619264213 -0.0377459758017 large
142 2014-08-24T102044 6.1 38.215 -122.31 11.0 4423 BK.BRIB 37.91886 -122.15179 1408875680 -0.0681362822295 -0.0271242262508 -0.0350773305334 large
142 2014-08-24T102044 6.1 38.215 -122.31 11.0 4423 BK.BRIB 37.91886 -122.15179 1408875681 -0.0680595785131 -0.0269696987152 -0.0383345665642 large
142 2014-08-24T102044 6.1 38.215 -122.31 11.0 4423 BK.BRIB 37.91886 -122.15179 1408875682 -0.0684605987032 -0.0246680738455 -0.0392379529254 large
142 2014-08-24T102044 6.1 38.215 -122.31 11.0 4423 BK.BRIB 37.91886 -122.15179 1408875683 -0.063266938034 -0.019589457083 -0.0406942501033 large
142 2014-08-24T102044 6.1 38.215 -122.31 11.0 4423 BK.BRIB 37.91886 -122.15179 1408875684 -0.0620884030512 -0.0248171408792 -0.0363627420056 large
142 2014-08-24T102044 6.1 38.215 -122.31 11.0 4423 BK.BRIB 37.91886 -122.15179 1408875685 -0.0685957344565 -0.0289927446482 -0.0357350176464 large
142 2014-08-24T102044 6.1 38.215 -122.31 11.0 4423 BK.BRIB 37.91886 -122.15179 1408875686 -0.0667009869818 -0.0207159306143 -0.0399133049953 large
142 2014-08-24T102044 6.1 38.215 -122.31 11.0 4423 BK.BRIB 37.91886 -122.15179 1408875687 -0.0664037629981 -0.0251359968511 -0.04171872426 large
142 2014-08-24T102044 6.1 38.215 -122.31 11.0 4423 BK.BRIB 37.91886 -122.15179 1408875688 -0.0639932547879 -0.0305571784312 -0.0387147481724 large
142 2014-08-24T102044 6.1 38.215 -122.31 11.0 4423 BK.BRIB 37.91886 -122.15179 1408875689 -0.0709349761168 -0.0235706763199 -0.0338992155892 large
142 2014-08-24T102044 6.1 38.215 -122.31 11.0 4423 BK.BRIB 37.91886 -122.15179 1408875690 -0.0619720290222 -0.0213733843725 -0.0370508819174 large
142 2014-08-24T102044 6.1 38.215 -122.31 11.0 4423 BK.BRIB 37.91886 -122.15179 1408875691 -0.0636917370761 -0.0211671920885 -0.0452677937792 large
142 2014-08-24T102044 6.1 38.215 -122.31 11.0 4423 BK.BRIB 37.91886 -122.15179 1408875692 -0.0668752096609 -0.0281014927355 -0.035550037312 large
142 2014-08-24T102044 6.1 38.215 -122.31 11.0 4423 BK.BRIB 37.91886 -122.15179 1408875693 -0.0671490281602 -0.0267736573643 -0.0335049626878 large
142 2014-08-24T102044 6.1 38.215 -122.31 11.0 4423 BK.BRIB 37.91886 -122.15179 1408875694 -0.0655351464991 -0.0245100693237 -0.0455030620687 large
142 2014-08-24T102044 6.1 38.215 -122.31 11.0 4423 BK.BRIB 37.91886 -122.15179 1408875695 -0.0716485050288 -0.0260156510312 -0.0374383208592 large
142 2014-08-24T102044 6.1 38.215 -122.31 11.0 4423 BK.BRIB 37.91886 -122.15179 1408875696 -0.0587342081091 -0.0243489611834 -0.0359455736647 large
142 2014-08-24T102044 6.1 38.215 -122.31 11.0 4423 BK.BRIB 37.91886 -122.15179 1408875697 -0.070918827966 -0.0227137042245 -0.0361857190692 large
142 2014-08-24T102044 6.1 38.215 -122.31 11.0 4423 BK.BRIB 37.91886 -122.15179 1408875698 -0.0596982667133 -0.0179591705809 -0.0434531103296 large
142 2014-08-24T102044 6.1 38.215 -122.31 11.0 4423 BK.BRIB 37.91886 -122.15179 1408875699 -0.0664768730508 -0.0344863828876 -0.0353241498846 large
142 2014-08-24T102044 6.1 38.215 -122.31 11.0 4423 BK.BRIB 37.91886 -122.15179 1408875700 -0.0709832572209 -0.0204476892942 -0.0393405823578 large
142 2014-08-24T102044 6.1 38.215 -122.31 11.0 4423 BK.BRIB 37.91886 -122.15179 1408875701 -0.0681097964619 -0.0337873919785 -0.0392801201342 large
142 2014-08-24T102044 6.1 38.215 -122.31 11.0 4423 BK.BRIB 37.91886 -122.15179 1408875702 -0.0613617362651 -0.016195871854 -0.0369395016807 large
142 2014-08-24T102044 6.1 38.215 -122.31 11.0 4423 BK.BRIB 37.91886 -122.15179 1408875703 -0.0657078290366 -0.025089325895 -0.039790910413 large